#Coverage	Number of genomic locations
0.0	801771.0
1.0	2.0
2.0	1.0
4.0	1.0
34.0	1.0
35.0	1.0
36.0	3.0
37.0	5.0
38.0	3.0
39.0	4.0
40.0	3.0
41.0	3.0
43.0	2.0
44.0	1.0
45.0	3.0
46.0	16.0
47.0	14.0
48.0	17.0
49.0	26.0
50.0	21.0
51.0	11.0
52.0	14.0
53.0	3.0
54.0	2.0
56.0	12.0
57.0	7.0
58.0	3.0
59.0	4.0
60.0	6.0
61.0	4.0
62.0	3.0
63.0	8.0
64.0	8.0
65.0	3.0
66.0	3.0
67.0	4.0
68.0	2.0
69.0	4.0
70.0	1.0
71.0	5.0
72.0	10.0
73.0	6.0
74.0	4.0
75.0	10.0
76.0	13.0
77.0	11.0
78.0	17.0
79.0	22.0
80.0	20.0
81.0	30.0
82.0	28.0
83.0	27.0
84.0	25.0
85.0	26.0
86.0	29.0
87.0	27.0
88.0	30.0
89.0	33.0
90.0	30.0
91.0	45.0
92.0	43.0
93.0	32.0
94.0	41.0
95.0	32.0
96.0	43.0
97.0	35.0
98.0	24.0
99.0	24.0
100.0	33.0
101.0	25.0
102.0	21.0
103.0	22.0
104.0	15.0
105.0	14.0
106.0	18.0
107.0	11.0
108.0	11.0
109.0	10.0
110.0	12.0
111.0	13.0
112.0	14.0
113.0	18.0
114.0	18.0
115.0	26.0
116.0	17.0
117.0	15.0
118.0	15.0
119.0	20.0
120.0	20.0
121.0	9.0
122.0	10.0
123.0	6.0
124.0	10.0
125.0	14.0
126.0	27.0
127.0	19.0
128.0	17.0
129.0	12.0
130.0	17.0
131.0	12.0
132.0	12.0
133.0	9.0
134.0	6.0
135.0	13.0
136.0	12.0
137.0	9.0
138.0	10.0
139.0	13.0
140.0	12.0
141.0	19.0
142.0	14.0
143.0	23.0
144.0	24.0
145.0	19.0
146.0	14.0
147.0	13.0
148.0	16.0
149.0	13.0
150.0	19.0
151.0	18.0
152.0	12.0
153.0	8.0
154.0	8.0
155.0	6.0
156.0	4.0
157.0	6.0
158.0	7.0
159.0	4.0
160.0	4.0
161.0	7.0
162.0	3.0
163.0	4.0
164.0	2.0
165.0	2.0
166.0	8.0
167.0	3.0
168.0	10.0
169.0	8.0
170.0	4.0
171.0	5.0
172.0	3.0
173.0	4.0
174.0	3.0
175.0	5.0
176.0	8.0
177.0	6.0
178.0	8.0
179.0	12.0
180.0	5.0
181.0	8.0
182.0	10.0
183.0	5.0
184.0	7.0
185.0	8.0
186.0	10.0
187.0	11.0
188.0	10.0
189.0	9.0
190.0	9.0
191.0	14.0
192.0	8.0
193.0	13.0
194.0	12.0
195.0	14.0
196.0	23.0
197.0	31.0
198.0	16.0
199.0	13.0
200.0	23.0
201.0	7.0
202.0	6.0
203.0	2.0
204.0	4.0
205.0	4.0
206.0	1.0
210.0	1.0
211.0	1.0
212.0	1.0
213.0	1.0
214.0	1.0
215.0	1.0
216.0	2.0
217.0	2.0
218.0	2.0
219.0	2.0
220.0	1.0
222.0	4.0
223.0	4.0
224.0	3.0
225.0	6.0
226.0	3.0
227.0	5.0
228.0	4.0
229.0	2.0
230.0	4.0
231.0	3.0
232.0	2.0
233.0	3.0
234.0	4.0
235.0	7.0
236.0	2.0
237.0	7.0
240.0	2.0
241.0	3.0
242.0	2.0
243.0	4.0
244.0	3.0
245.0	11.0
246.0	3.0
247.0	2.0
248.0	1.0
249.0	1.0
250.0	4.0
251.0	4.0
252.0	3.0
253.0	2.0
254.0	4.0
255.0	4.0
256.0	3.0
257.0	9.0
258.0	7.0
259.0	7.0
260.0	4.0
261.0	6.0
262.0	2.0
263.0	3.0
264.0	1.0
265.0	4.0
267.0	2.0
269.0	1.0
272.0	1.0
274.0	3.0
276.0	1.0
277.0	1.0
278.0	1.0
279.0	1.0
280.0	2.0
281.0	2.0
282.0	3.0
284.0	1.0
285.0	3.0
287.0	1.0
288.0	2.0
289.0	2.0
290.0	8.0
291.0	4.0
292.0	8.0
293.0	2.0
294.0	3.0
295.0	8.0
296.0	8.0
297.0	10.0
298.0	9.0
299.0	11.0
300.0	8.0
301.0	8.0
302.0	3.0
303.0	2.0
304.0	5.0
305.0	2.0
306.0	1.0
307.0	5.0
308.0	2.0
310.0	1.0
312.0	1.0
315.0	3.0
316.0	1.0
317.0	1.0
318.0	1.0
320.0	1.0
322.0	4.0
323.0	1.0
324.0	1.0
326.0	1.0
327.0	1.0
331.0	2.0
332.0	3.0
333.0	3.0
334.0	2.0
336.0	1.0
337.0	4.0
338.0	4.0
339.0	2.0
340.0	1.0
341.0	2.0
342.0	1.0
343.0	1.0
348.0	3.0
349.0	2.0
350.0	2.0
352.0	1.0
353.0	1.0
354.0	1.0
355.0	1.0
357.0	2.0
359.0	2.0
361.0	1.0
362.0	1.0
363.0	1.0
366.0	2.0
368.0	1.0
369.0	1.0
371.0	3.0
377.0	1.0
378.0	2.0
380.0	2.0
381.0	1.0
385.0	1.0
386.0	1.0
389.0	1.0
390.0	3.0
391.0	1.0
392.0	2.0
395.0	1.0
397.0	1.0
398.0	3.0
400.0	1.0
401.0	1.0
402.0	2.0
404.0	1.0
405.0	1.0
406.0	2.0
408.0	1.0
409.0	1.0
410.0	1.0
412.0	1.0
415.0	1.0
417.0	2.0
419.0	1.0
421.0	1.0
422.0	1.0
424.0	2.0
426.0	2.0
428.0	2.0
429.0	1.0
430.0	3.0
431.0	1.0
434.0	1.0
436.0	1.0
437.0	1.0
440.0	2.0
441.0	2.0
442.0	1.0
443.0	2.0
444.0	1.0
445.0	2.0
446.0	1.0
448.0	1.0
449.0	1.0
450.0	1.0
454.0	1.0
456.0	3.0
457.0	2.0
458.0	1.0
459.0	3.0
462.0	2.0
463.0	2.0
466.0	3.0
468.0	5.0
469.0	1.0
470.0	2.0
472.0	4.0
474.0	3.0
475.0	3.0
476.0	1.0
478.0	1.0
479.0	1.0
481.0	1.0
483.0	1.0
484.0	1.0
485.0	3.0
487.0	1.0
488.0	1.0
489.0	2.0
490.0	1.0
491.0	3.0
492.0	1.0
493.0	2.0
494.0	3.0
495.0	3.0
496.0	3.0
497.0	3.0
498.0	5.0
499.0	1.0
500.0	7.0
501.0	5.0
502.0	3.0
503.0	1.0
504.0	3.0
505.0	4.0
506.0	3.0
508.0	1.0
511.0	1.0
512.0	1.0
514.0	1.0
515.0	1.0
516.0	2.0
517.0	2.0
520.0	2.0
521.0	1.0
522.0	2.0
523.0	2.0
525.0	2.0
528.0	1.0
529.0	1.0
531.0	1.0
532.0	1.0
534.0	2.0
535.0	4.0
536.0	1.0
537.0	4.0
538.0	2.0
539.0	3.0
540.0	1.0
541.0	2.0
542.0	6.0
543.0	1.0
545.0	2.0
548.0	2.0
549.0	1.0
550.0	1.0
551.0	3.0
553.0	2.0
554.0	1.0
555.0	2.0
556.0	2.0
557.0	1.0
558.0	3.0
559.0	3.0
560.0	5.0
561.0	4.0
562.0	2.0
563.0	2.0
564.0	3.0
566.0	1.0
567.0	4.0
568.0	1.0
569.0	1.0
570.0	1.0
571.0	2.0
572.0	4.0
573.0	4.0
574.0	2.0
575.0	2.0
576.0	4.0
577.0	2.0
578.0	4.0
579.0	2.0
580.0	3.0
581.0	5.0
582.0	1.0
583.0	1.0
584.0	2.0
585.0	1.0
586.0	3.0
587.0	4.0
588.0	1.0
589.0	2.0
590.0	1.0
591.0	2.0
592.0	1.0
593.0	4.0
594.0	1.0
595.0	3.0
596.0	4.0
597.0	1.0
598.0	6.0
599.0	1.0
600.0	3.0
601.0	4.0
602.0	1.0
603.0	1.0
604.0	1.0
605.0	2.0
606.0	2.0
607.0	3.0
608.0	1.0
609.0	3.0
610.0	2.0
611.0	2.0
612.0	3.0
613.0	6.0
614.0	5.0
615.0	5.0
616.0	3.0
617.0	4.0
618.0	3.0
619.0	2.0
620.0	5.0
621.0	3.0
622.0	2.0
623.0	2.0
624.0	1.0
625.0	4.0
626.0	3.0
628.0	2.0
629.0	1.0
631.0	1.0
633.0	2.0
634.0	1.0
635.0	2.0
636.0	1.0
637.0	1.0
638.0	3.0
639.0	1.0
640.0	1.0
641.0	1.0
643.0	2.0
644.0	1.0
645.0	2.0
646.0	1.0
647.0	1.0
648.0	2.0
649.0	1.0
650.0	1.0
651.0	2.0
652.0	1.0
653.0	3.0
654.0	2.0
655.0	1.0
656.0	1.0
657.0	4.0
658.0	3.0
659.0	1.0
660.0	1.0
661.0	2.0
662.0	4.0
663.0	1.0
664.0	2.0
665.0	2.0
666.0	4.0
667.0	1.0
668.0	2.0
670.0	2.0
671.0	4.0
672.0	2.0
673.0	2.0
674.0	3.0
675.0	2.0
676.0	2.0
677.0	4.0
678.0	3.0
679.0	4.0
680.0	5.0
681.0	6.0
682.0	3.0
683.0	1.0
684.0	6.0
685.0	2.0
686.0	2.0
687.0	2.0
689.0	4.0
691.0	2.0
692.0	1.0
693.0	2.0
694.0	2.0
695.0	3.0
696.0	2.0
697.0	3.0
698.0	3.0
699.0	5.0
700.0	3.0
701.0	7.0
702.0	6.0
703.0	2.0
704.0	2.0
705.0	4.0
706.0	6.0
707.0	3.0
708.0	9.0
709.0	2.0
710.0	7.0
711.0	4.0
712.0	4.0
713.0	5.0
718.0	1.0
