# Position (bp)	A	C	G	T	N
0.0	31.923601637107772	18.48567530695771	15.552523874488402	33.90177353342428	0.1364256480218281
1.0	32.196452933151434	18.963165075034105	18.281036834924965	30.559345156889496	0.0
2.0	29.427792915531338	18.93732970027248	17.506811989100818	34.12806539509537	0.0
3.0	30.272108843537417	19.65986394557823	17.27891156462585	32.7891156462585	0.0
4.0	29.782903663500676	19.742198100407055	16.960651289009498	33.51424694708277	0.0
5.0	29.986431478968793	19.87788331071913	17.91044776119403	32.22523744911804	0.0
6.0	30.597014925373134	18.860244233378562	18.046132971506108	32.4966078697422	0.0
7.0	32.08955223880597	18.181818181818183	17.299864314789687	32.42876526458616	0.0
8.0	28.610169491525422	18.983050847457626	18.983050847457626	33.42372881355932	0.0
9.0	32.52032520325203	19.986449864498645	16.802168021680217	30.691056910569102	0.0
10.0	29.61460446247465	17.714672075726842	17.782285327924274	34.88843813387424	0.0
11.0	30.945945945945947	19.18918918918919	18.513513513513512	31.351351351351354	0.0
12.0	29.22558922558923	19.865319865319865	18.45117845117845	32.45791245791246	0.0
13.0	29.858776059179554	18.09011432414257	18.964357767316745	33.08675184936113	0.0
14.0	28.965053763440864	20.161290322580644	16.801075268817204	34.07258064516129	0.0
15.0	29.079919408999327	18.401611820013432	18.871725990597714	33.64674278038952	0.0
16.0	31.83344526527871	19.677635997313633	16.655473472128946	31.83344526527871	0.0
17.0	29.348556077904636	18.468770987239758	18.603089321692412	33.579583613163194	0.0
18.0	30.604026845637584	18.053691275167786	16.91275167785235	34.42953020134228	0.0
19.0	31.58953722334004	17.0355466130114	16.163648558014756	35.2112676056338	0.0
20.0	28.973843058350102	20.85848423876593	18.30985915492958	31.857813547954393	0.0
21.0	32.3943661971831	19.248826291079812	17.639168343393695	30.717639168343393	0.0
22.0	28.772635814889334	19.78537894030852	17.43796109993293	34.00402414486921	0.0
23.0	30.181086519114686	17.0355466130114	20.05365526492287	32.72971160295104	0.0
24.0	28.064300066979236	20.16075016744809	18.285331547220363	33.48961821835231	0.0
25.0	28.198258539852645	20.093770931011388	18.754186202277296	32.953784326858674	0.0
26.0	30.548128342245988	17.11229946524064	20.254010695187166	32.0855614973262	0.0
27.0	29.545454545454547	21.256684491978607	18.449197860962567	30.74866310160428	0.0
28.0	28.87700534759358	19.318181818181817	19.385026737967912	32.419786096256686	0.0
29.0	28.857715430861724	18.50367401469606	17.835671342685373	34.80293921175684	0.0
30.0	28.542780748663098	18.58288770053476	18.58288770053476	34.29144385026738	0.0
31.0	29.27807486631016	19.050802139037433	19.25133689839572	32.419786096256686	0.0
32.0	31.708945260347132	18.424566088117487	17.95727636849132	31.90921228304406	0.0
33.0	29.572763684913216	19.692923898531376	18.55807743658211	32.176234979973295	0.0
34.0	30.614973262032088	21.4572192513369	16.97860962566845	30.949197860962567	0.0
35.0	30.548128342245988	19.385026737967912	18.58288770053476	31.483957219251334	0.0
36.0	29.946524064171122	19.385026737967912	18.24866310160428	32.419786096256686	0.0
37.0	27.55170113408939	20.547031354236157	18.47898599066044	33.42228152101401	0.0
38.0	28.218812541694465	20.547031354236157	20.880587058038692	30.35356904603069	0.0
39.0	28.199999999999996	20.133333333333333	17.533333333333335	34.13333333333333	0.0
40.0	30.574098798397863	18.958611481975968	18.22429906542056	32.242990654205606	0.0
41.0	29.172229639519358	19.359145527369826	19.359145527369826	32.10947930574099	0.0
42.0	27.521710086840343	21.37608550434202	18.236472945891784	32.86573146292585	0.0
43.0	31.933333333333337	16.133333333333333	16.733333333333334	35.199999999999996	0.0
44.0	28.418945963975982	20.9472981987992	16.077384923282185	34.55637091394263	0.0
45.0	29.553035356904605	20.413609072715143	18.612408272181455	31.420947298198797	0.0
46.0	30.307076101468628	20.29372496662216	17.423230974632844	31.975967957276367	0.0
47.0	29.18054630246502	21.319120586275815	16.389073950699533	33.11125916055963	0.0
48.0	28.914057295136576	20.586275816122583	18.05463024650233	32.445036642238506	0.0
49.0	27.82956058588549	19.307589880159785	17.842876165113182	35.01997336884155	0.0
50.0	29.646902065289805	19.653564290473017	17.588274483677548	33.11125916055963	0.0
51.0	29.96005326231691	19.906790945406126	17.976031957390145	32.15712383488682	0.0
52.0	29.83978638184246	20.5607476635514	17.289719626168225	32.30974632843792	0.0
53.0	28.371161548731642	20.62750333778371	18.55807743658211	32.44325767690254	0.0
54.0	28.857715430861724	21.04208416833667	18.37007348029392	31.730126920507683	0.0
55.0	27.25450901803607	20.374081496325985	18.236472945891784	34.13493653974616	0.0
56.0	33.37792642140468	19.531772575250837	16.722408026755854	30.367892976588628	0.0
57.0	29.698996655518396	19.79933110367893	16.989966555183948	33.51170568561873	0.0
58.0	31.61764705882353	18.850267379679146	18.181818181818183	31.350267379679142	0.0
59.0	30.5685618729097	18.929765886287626	18.528428093645484	31.973244147157192	0.0
60.0	32.62032085561498	18.048128342245988	18.91711229946524	30.414438502673796	0.0
61.0	30.74346952444742	20.964501004688547	17.749497655726724	30.54253181513731	0.0
62.0	31.723675385647216	18.041582830315225	17.90744466800805	32.32729711602951	0.0
63.0	29.261744966442954	20.335570469798657	19.798657718120804	30.604026845637584	0.0
64.0	30.315224681421864	18.64520456069752	17.303822937625753	33.735747820254865	0.0
65.0	31.20805369127517	20.0	17.78523489932886	31.00671140939597	0.0
66.0	32.123655913978496	19.623655913978492	19.287634408602152	28.965053763440864	0.0
67.0	30.329522528581037	20.376597175521184	17.686617350369872	31.607262945527907	0.0
68.0	30.73301950235373	18.224613315400134	18.3591123066577	32.68325487558844	0.0
69.0	31.043771043771045	20.2020202020202	18.31649831649832	30.437710437710436	0.0
70.0	29.71698113207547	19.81132075471698	18.80053908355795	31.671159029649598	0.0
71.0	33.04172274562584	18.438761776581426	17.833109017496636	30.686406460296094	0.0
72.0	31.157469717362048	19.11170928667564	20.2557200538358	29.475100942126513	0.0
73.0	28.802153432032302	19.380888290713326	19.919246298788696	31.897711978465683	0.0
74.0	30.815913688469323	19.08293998651382	16.992582602832094	33.108563722184755	0.0
75.0	28.186109238031023	17.801753202966957	19.68981793661497	34.322319622387056	0.0
76.0	30.727762803234505	18.26145552560647	19.946091644204852	31.064690026954178	0.0
77.0	27.954085077650237	21.13436866981769	18.97366644159352	31.937879810938558	0.0
78.0	30.452397029034433	19.311276164753544	18.09588116137745	32.14044564483457	0.0
79.0	30.43184885290148	19.02834008097166	21.524966261808366	29.01484480431849	0.0
80.0	32.00540175557056	20.25658338960162	17.21809588116138	30.519918973666442	0.0
81.0	29.76995940460081	20.77131258457375	18.538565629228685	30.92016238159675	0.0
82.0	30.534867975626266	18.212593094109682	17.061611374407583	34.19092755585646	0.0
83.0	29.81029810298103	20.32520325203252	19.986449864498645	29.878048780487802	0.0
84.0	31.50033944331297	19.619823489477255	18.601493550577054	30.278343516632724	0.0
85.0	30.9993201903467	18.830727396329028	19.91842284160435	30.25152957171992	0.0
86.0	32.358939496940856	17.743031951053705	18.49082256968049	31.40720598232495	0.0
87.0	31.700680272108844	18.639455782312925	18.979591836734695	30.680272108843536	0.0
88.0	31.041524846834584	21.102791014295438	18.311776718856365	29.543907420013614	0.0
89.0	31.471389645776565	18.392370572207085	18.59673024523161	31.539509536784742	0.0
90.0	28.96174863387978	18.71584699453552	19.057377049180328	33.26502732240437	0.0
91.0	28.620218579234972	20.560109289617486	18.169398907103826	32.650273224043715	0.0
92.0	30.416951469583047	20.71086807928913	17.840054682159945	31.032125768967873	0.0
93.0	29.266620973269365	19.87662782727896	19.328307059629886	31.528444139821797	0.0
94.0	30.795610425240056	18.51851851851852	18.175582990397803	32.510288065843625	0.0
95.0	30.05502063273728	18.638239339752406	19.80742778541953	31.49931224209078	0.0
96.0	31.017881705639617	18.019257221458044	18.638239339752406	32.32462173314993	0.0
97.0	31.361760660247594	19.944979367262725	19.53232462173315	29.160935350756535	0.0
98.0	31.977946243969672	18.607856650585802	18.056512749827704	31.357684355616815	0.0
99.0	30.917874396135264	19.806763285024154	18.978605935127675	30.158730158730158	0.13802622498274672
100.0	31.469979296066253	18.909592822636302	19.392684610075914	29.951690821256037	0.27605244996549344
