Sample	1	2	3	4	5	6	7	8	9	10	11	12	13	14	15	16	17	18	19	20	21	22	23	24	25	26	27	28	29	30	31	32	33	34	35	36	37	38	39	40	41	42	43	44	45	46	47	48	49	50	51	52	53	54	55	56	57	58	59	60	61	62	63	64	65	66	67	68	69	70	71	72	73	74	75	76	77	78	79	80	81	82	83	84	85	86	87	88	89	90	91	92	93	94	95	96	97	98	99	100	0
1234N.recal	0.0	0.0	0.0	0.0	0.0	0.0	0.0	0.0	0.0	0.0	0.0	0.0	0.0	0.0	0.0	0.0	0.0	0.0	0.0	0.0	0.0	0.0	0.0	0.0126582278481	0.0	0.0	0.0	0.0506329113924	0.0253164556962	0.0	0.0126582278481	0.0126582278481	0.0253164556962	0.0632911392405	0.0126582278481	0.0506329113924	0.0886075949367	0.0632911392405	0.0506329113924	0.0886075949367	0.0886075949367	0.0	0.0759493670886	0.0506329113924	0.0253164556962	0.0126582278481	0.0379746835443	0.0253164556962	0.0506329113924	0.0126582278481	0.0379746835443	0.0	0.0253164556962	0.0	0.0	0.0	0.0	0.0	0.0	0.0	0.0	0.0	0.0	0.0	0.0	0.0	0.0	0.0	0.0	0.0	0.0	0.0	0.0	0.0	0.0	0.0	0.0	0.0	0.0	0.0	0.0	0.0	0.0	0.0	0.0	0.0	0.0	0.0	0.0	0.0	0.0	0.0	0.0	0.0	0.0	0.0	0.0	0.0	0.0	0.0	
1234N_1234N_M1	0.0	0.0	0.0	0.0	0.0	0.0	0.0	0.0	0.0	0.0	0.0	0.0	0.0	0.0	0.0	0.0	0.0	0.0	0.0	0.0	0.0	0.0	0.0	0.0	0.0	0.0	0.0	0.0	0.0	0.0833333333333	0.0	0.0	0.0	0.0833333333333	0.0833333333333	0.166666666667	0.0833333333333	0.0	0.0	0.0	0.25	0.0	0.0833333333333	0.0833333333333	0.0	0.0	0.0	0.0	0.0833333333333	0.0	0.0	0.0	0.0	0.0	0.0	0.0	0.0	0.0	0.0	0.0	0.0	0.0	0.0	0.0	0.0	0.0	0.0	0.0	0.0	0.0	0.0	0.0	0.0	0.0	0.0	0.0	0.0	0.0	0.0	0.0	0.0	0.0	0.0	0.0	0.0	0.0	0.0	0.0	0.0	0.0	0.0	0.0	0.0	0.0	0.0	0.0	0.0	0.0	0.0	0.0	
1234N_1234N_M2	0.0	0.0	0.0	0.0	0.0	0.0	0.0	0.0	0.0	0.0	0.0	0.0	0.0	0.0	0.0	0.0	0.0	0.0	0.0	0.0	0.0	0.0	0.0	0.0	0.0	0.0	0.0	0.0	0.0	0.0	0.125	0.0	0.0	0.0	0.125	0.0	0.0	0.0	0.0	0.125	0.0	0.125	0.125	0.125	0.25	0.0	0.0	0.0	0.0	0.0	0.0	0.0	0.0	0.0	0.0	0.0	0.0	0.0	0.0	0.0	0.0	0.0	0.0	0.0	0.0	0.0	0.0	0.0	0.0	0.0	0.0	0.0	0.0	0.0	0.0	0.0	0.0	0.0	0.0	0.0	0.0	0.0	0.0	0.0	0.0	0.0	0.0	0.0	0.0	0.0	0.0	0.0	0.0	0.0	0.0	0.0	0.0	0.0	0.0	0.0	
1234N_1234N_M4	0.0	0.0	0.0	0.0	0.0	0.0	0.0	0.0	0.0	0.0	0.0	0.0	0.0	0.0	0.0	0.0	0.0	0.0	0.0	0.0	0.0	0.0	0.0	0.0	0.0	0.0	0.0	0.0	0.0	0.0714285714286	0.0	0.0	0.0	0.0	0.142857142857	0.0	0.0714285714286	0.0714285714286	0.0714285714286	0.214285714286	0.0	0.0714285714286	0.0714285714286	0.0	0.142857142857	0.0	0.0	0.0	0.0	0.0714285714286	0.0	0.0	0.0	0.0	0.0	0.0	0.0	0.0	0.0	0.0	0.0	0.0	0.0	0.0	0.0	0.0	0.0	0.0	0.0	0.0	0.0	0.0	0.0	0.0	0.0	0.0	0.0	0.0	0.0	0.0	0.0	0.0	0.0	0.0	0.0	0.0	0.0	0.0	0.0	0.0	0.0	0.0	0.0	0.0	0.0	0.0	0.0	0.0	0.0	0.0	
1234N_1234N_M5	0.0	0.0	0.0	0.0	0.0	0.0	0.0	0.0	0.0	0.0	0.0	0.0	0.0	0.0	0.0	0.0	0.0	0.0	0.0	0.0	0.0	0.0	0.0	0.0	0.0	0.0	0.0	0.047619047619	0.0	0.0	0.0	0.0	0.0	0.047619047619	0.0	0.0952380952381	0.238095238095	0.047619047619	0.0952380952381	0.0952380952381	0.047619047619	0.0952380952381	0.0	0.0	0.0	0.0	0.0952380952381	0.0	0.047619047619	0.0	0.047619047619	0.0	0.0	0.0	0.0	0.0	0.0	0.0	0.0	0.0	0.0	0.0	0.0	0.0	0.0	0.0	0.0	0.0	0.0	0.0	0.0	0.0	0.0	0.0	0.0	0.0	0.0	0.0	0.0	0.0	0.0	0.0	0.0	0.0	0.0	0.0	0.0	0.0	0.0	0.0	0.0	0.0	0.0	0.0	0.0	0.0	0.0	0.0	0.0	0.0	
1234N_1234N_M6	0.0	0.0	0.0	0.0	0.0	0.0	0.0	0.0	0.0	0.0	0.0	0.0	0.0	0.0	0.0	0.0	0.0	0.0	0.0	0.0	0.0	0.0	0.0	0.0	0.0	0.0	0.0526315789474	0.0	0.0	0.0	0.0	0.0	0.0	0.0	0.157894736842	0.0	0.157894736842	0.105263157895	0.0526315789474	0.0	0.105263157895	0.105263157895	0.0526315789474	0.0526315789474	0.0	0.0526315789474	0.0	0.0526315789474	0.0	0.0	0.0526315789474	0.0	0.0	0.0	0.0	0.0	0.0	0.0	0.0	0.0	0.0	0.0	0.0	0.0	0.0	0.0	0.0	0.0	0.0	0.0	0.0	0.0	0.0	0.0	0.0	0.0	0.0	0.0	0.0	0.0	0.0	0.0	0.0	0.0	0.0	0.0	0.0	0.0	0.0	0.0	0.0	0.0	0.0	0.0	0.0	0.0	0.0	0.0	0.0	0.0	
1234N_1234N_M7	0.0	0.0	0.0	0.0	0.0	0.0	0.0	0.0	0.0	0.0	0.0	0.0	0.0	0.0	0.0	0.0	0.0	0.0	0.0	0.0	0.0	0.0	0.0	0.0	0.0	0.0	0.0	0.0	0.0	0.0	0.0	0.0	0.0	0.0	0.117647058824	0.0	0.176470588235	0.117647058824	0.0588235294118	0.117647058824	0.117647058824	0.0588235294118	0.0	0.0	0.0588235294118	0.0	0.0	0.0588235294118	0.0	0.117647058824	0.0	0.0	0.0	0.0	0.0	0.0	0.0	0.0	0.0	0.0	0.0	0.0	0.0	0.0	0.0	0.0	0.0	0.0	0.0	0.0	0.0	0.0	0.0	0.0	0.0	0.0	0.0	0.0	0.0	0.0	0.0	0.0	0.0	0.0	0.0	0.0	0.0	0.0	0.0	0.0	0.0	0.0	0.0	0.0	0.0	0.0	0.0	0.0	0.0	0.0	
9876T.recal	0.0	0.0	0.0	0.0	0.0	0.0	0.0	0.0	0.0	0.0	0.0	0.0	0.0	0.0	0.0	0.0	0.0	0.0	0.0	0.0	0.0	0.0	0.00137741046832	0.00413223140496	0.0165289256198	0.0192837465565	0.0247933884298	0.0358126721763	0.0454545454545	0.0206611570248	0.0123966942149	0.030303030303	0.0399449035813	0.0468319559229	0.0426997245179	0.0509641873278	0.064738292011	0.104683195592	0.0578512396694	0.0730027548209	0.0316804407713	0.0289256198347	0.0192837465565	0.030303030303	0.0206611570248	0.0426997245179	0.0316804407713	0.0192837465565	0.0261707988981	0.0247933884298	0.0151515151515	0.0137741046832	0.00275482093664	0.00137741046832	0.0	0.0	0.0	0.0	0.0	0.0	0.0	0.0	0.0	0.0	0.0	0.0	0.0	0.0	0.0	0.0	0.0	0.0	0.0	0.0	0.0	0.0	0.0	0.0	0.0	0.0	0.0	0.0	0.0	0.0	0.0	0.0	0.0	0.0	0.0	0.0	0.0	0.0	0.0	0.0	0.0	0.0	0.0	0.0	0.0	0.0	
9876T_9876T_M1	0.0	0.0	0.0	0.0	0.0	0.0	0.0	0.0	0.0	0.0	0.0	0.0	0.0	0.0	0.0	0.0	0.0	0.0	0.0	0.0	0.0	0.0	0.0	0.0059880239521	0.0119760479042	0.0179640718563	0.0239520958084	0.0359281437126	0.0479041916168	0.0179640718563	0.0	0.0239520958084	0.0538922155689	0.059880239521	0.0419161676647	0.0359281437126	0.0718562874251	0.0898203592814	0.0479041916168	0.0838323353293	0.0479041916168	0.0299401197605	0.0059880239521	0.0299401197605	0.0359281437126	0.0239520958084	0.059880239521	0.0059880239521	0.0419161676647	0.0239520958084	0.0119760479042	0.0059880239521	0.0059880239521	0.0	0.0	0.0	0.0	0.0	0.0	0.0	0.0	0.0	0.0	0.0	0.0	0.0	0.0	0.0	0.0	0.0	0.0	0.0	0.0	0.0	0.0	0.0	0.0	0.0	0.0	0.0	0.0	0.0	0.0	0.0	0.0	0.0	0.0	0.0	0.0	0.0	0.0	0.0	0.0	0.0	0.0	0.0	0.0	0.0	0.0	0.0	
9876T_9876T_M2	0.0	0.0	0.0	0.0	0.0	0.0	0.0	0.0	0.0	0.0	0.0	0.0	0.0	0.0	0.0	0.0	0.0	0.0	0.0	0.0	0.0	0.0	0.0	0.0	0.0196078431373	0.0196078431373	0.0326797385621	0.0261437908497	0.0326797385621	0.0196078431373	0.0196078431373	0.0196078431373	0.0392156862745	0.0588235294118	0.0130718954248	0.0718954248366	0.0915032679739	0.0849673202614	0.0653594771242	0.078431372549	0.0326797385621	0.0326797385621	0.0130718954248	0.0196078431373	0.0392156862745	0.0196078431373	0.0522875816993	0.0261437908497	0.0326797385621	0.0196078431373	0.0130718954248	0.0	0.00653594771242	0.0	0.0	0.0	0.0	0.0	0.0	0.0	0.0	0.0	0.0	0.0	0.0	0.0	0.0	0.0	0.0	0.0	0.0	0.0	0.0	0.0	0.0	0.0	0.0	0.0	0.0	0.0	0.0	0.0	0.0	0.0	0.0	0.0	0.0	0.0	0.0	0.0	0.0	0.0	0.0	0.0	0.0	0.0	0.0	0.0	0.0	0.0	
9876T_9876T_M3	0.0	0.0	0.0	0.0	0.0	0.0	0.0	0.0	0.0	0.0	0.0	0.0	0.0	0.0	0.0	0.0	0.0	0.0	0.0	0.0	0.0	0.0	0.0	0.00632911392405	0.00632911392405	0.0189873417722	0.0253164556962	0.0316455696203	0.0569620253165	0.0126582278481	0.0126582278481	0.0189873417722	0.0506329113924	0.0569620253165	0.0506329113924	0.0379746835443	0.101265822785	0.0632911392405	0.0632911392405	0.0822784810127	0.0316455696203	0.0443037974684	0.0189873417722	0.0253164556962	0.0126582278481	0.0506329113924	0.0253164556962	0.0189873417722	0.0379746835443	0.0126582278481	0.0126582278481	0.00632911392405	0.00632911392405	0.0	0.0	0.0	0.0	0.0	0.0	0.0	0.0	0.0	0.0	0.0	0.0	0.0	0.0	0.0	0.0	0.0	0.0	0.0	0.0	0.0	0.0	0.0	0.0	0.0	0.0	0.0	0.0	0.0	0.0	0.0	0.0	0.0	0.0	0.0	0.0	0.0	0.0	0.0	0.0	0.0	0.0	0.0	0.0	0.0	0.0	0.0	
9876T_9876T_M4	0.0	0.0	0.0	0.0	0.0	0.0	0.0	0.0	0.0	0.0	0.0	0.0	0.0	0.0	0.0	0.0	0.0	0.0	0.0	0.0	0.0	0.0	0.0	0.0	0.0112359550562	0.0168539325843	0.0224719101124	0.0337078651685	0.061797752809	0.0112359550562	0.0112359550562	0.0112359550562	0.0561797752809	0.0505617977528	0.0505617977528	0.0730337078652	0.0730337078652	0.0674157303371	0.0730337078652	0.0561797752809	0.0505617977528	0.0168539325843	0.0168539325843	0.0393258426966	0.0224719101124	0.0280898876404	0.0393258426966	0.0280898876404	0.0337078651685	0.0280898876404	0.0	0.0168539325843	0.0	0.0	0.0	0.0	0.0	0.0	0.0	0.0	0.0	0.0	0.0	0.0	0.0	0.0	0.0	0.0	0.0	0.0	0.0	0.0	0.0	0.0	0.0	0.0	0.0	0.0	0.0	0.0	0.0	0.0	0.0	0.0	0.0	0.0	0.0	0.0	0.0	0.0	0.0	0.0	0.0	0.0	0.0	0.0	0.0	0.0	0.0	0.0	
9876T_9876T_M5	0.0	0.0	0.0	0.0	0.0	0.0	0.0	0.0	0.0	0.0	0.0	0.0	0.0	0.0	0.0	0.0	0.0	0.0	0.0	0.0	0.0	0.0	0.0	0.00584795321637	0.0116959064327	0.0233918128655	0.0175438596491	0.0584795321637	0.0350877192982	0.0292397660819	0.00584795321637	0.0175438596491	0.0409356725146	0.046783625731	0.0584795321637	0.0350877192982	0.111111111111	0.0584795321637	0.0877192982456	0.046783625731	0.0409356725146	0.0350877192982	0.0116959064327	0.0526315789474	0.0116959064327	0.0409356725146	0.0175438596491	0.0233918128655	0.0292397660819	0.0233918128655	0.0	0.0175438596491	0.00584795321637	0.0	0.0	0.0	0.0	0.0	0.0	0.0	0.0	0.0	0.0	0.0	0.0	0.0	0.0	0.0	0.0	0.0	0.0	0.0	0.0	0.0	0.0	0.0	0.0	0.0	0.0	0.0	0.0	0.0	0.0	0.0	0.0	0.0	0.0	0.0	0.0	0.0	0.0	0.0	0.0	0.0	0.0	0.0	0.0	0.0	0.0	0.0	
HUMAN (hg19)	(2, 3e-06)	(3, 3e-06)	(4, 1e-05)	(5, 8e-06)	(6, 1.2000000000000002e-05)	(7, 6.999999999999999e-06)	(8, 9.999999999999999e-06)	(9, 1.6e-05)	(10, 1.5000000000000002e-05)	(11, 1.9999999999999998e-05)	(12, 1.6e-05)	(13, 1.6e-05)	(14, 2.4999999999999998e-05)	(15, 2.2000000000000003e-05)	(16, 2.6999999999999996e-05)	(17, 3.3e-05)	(18, 3.7000000000000005e-05)	(19, 4.7000000000000004e-05)	(20, 5.4999999999999995e-05)	(21, 6.400000000000001e-05)	(22, 9.3e-05)	(23, 0.000166)	(24, 0.000303)	(25, 0.0007059999999999999)	(26, 0.0016020000000000001)	(27, 0.0033690000000000005)	(28, 0.006167999999999999)	(29, 0.010352)	(30, 0.015647)	(31, 0.022148)	(32, 0.028808)	(33, 0.035106000000000005)	(34, 0.041161)	(35, 0.047408)	(36, 0.052698999999999996)	(37, 0.057517000000000006)	(38, 0.061487999999999994)	(39, 0.063321)	(40, 0.060248)	(41, 0.055508)	(42, 0.051446000000000006)	(43, 0.048194)	(44, 0.044423)	(45, 0.040655000000000004)	(46, 0.03652)	(47, 0.032315)	(48, 0.028137999999999996)	(49, 0.02458)	(50, 0.020810000000000002)	(51, 0.017532)	(52, 0.014506999999999997)	(53, 0.012007)	(54, 0.010018)	(55, 0.008414999999999999)	(56, 0.007258)	(57, 0.006174999999999999)	(58, 0.005363000000000001)	(59, 0.0046159999999999994)	(60, 0.003946)	(61, 0.0034579999999999993)	(62, 0.002915)	(63, 0.0024610000000000005)	(64, 0.0019950000000000002)	(65, 0.0016779999999999998)	(66, 0.0013500000000000003)	(67, 0.001069)	(68, 0.0008119999999999999)	(69, 0.00064)	(70, 0.000505)	(71, 0.00040299999999999993)	(72, 0.00032)	(73, 0.000279)	(74, 0.00020700000000000002)	(75, 0.00020099999999999998)	(76, 0.000154)	(77, 0.000112)	(78, 7.699999999999999e-05)	(79, 6.3e-05)	(80, 3.7e-05)	(81, 2.8000000000000003e-05)	(82, 1.6e-05)	(83, 9e-06)	(84, 4e-06)	(85, 0.0)	(86, 1e-06)	(87, 0.0)	(88, 0.0)	(89, 0.0)	(90, 0.0)	(91, 0.0)	(92, 0.0)	(93, 0.0)	(94, 0.0)	(95, 0.0)	(96, 0.0)	(97, 0.0)	(98, 0.0)	(99, 0.0)	(100, 0.0)		(1, 0.0)
