	66	80	106	107	108	117	123	124	130	131	136	145	147	150	162	166	167	178	180	181	182	190	191	195	201	211	213	216	218	228	229	233	235	236	244	250	252	256	258	259	263	264	267	268	269	271	272	273	275	276	279	280	281	284	286	287	288	289	290	292	293	295	296	297	298	299	300	301	302	305	308	309	310	311	312	313	314	315	316	318	319	321	322	323	324	325	326	327	328	329	330	331	332	333	334	335	336	337	338	339	340	341	342	343	344	345	346	347	348	349	350	351	352	353	354	355	356	357	358	359	360	361	362	363	364	365	366	367	368	369	370	371	373	374	375	378	400	445	504	511
1234N.recal	1e-06	1e-06	1e-06	1e-06	1e-06	1e-06	1e-06	1e-06	1e-06	1e-06	1e-06	1e-06	1e-06	1e-06	2e-06	1e-06	1e-06	1e-06	1e-06	1e-06	2e-06	1e-06	1e-06	1e-06	1e-06	1e-06	1e-06	1e-06	1e-06	1e-06	1e-06	1e-06	1e-06	1e-06	2e-06	2e-06	1e-06	1e-06	1e-06	1e-06	3e-06	1e-06	1e-06	1e-06	1e-06	1e-06	1e-06	1e-06	2e-06	1e-06	1e-06	2e-06	3e-06	2e-06	1e-06	1e-06	1e-06	1e-06	1e-06	2e-06	1e-06	1e-06	1e-06	3e-06	1e-06	1e-06	1e-06	1e-06	1e-06	1e-06	2e-06	1e-06	2e-06	2e-06	1e-06	1e-06	1e-06	1e-06	1e-06	2e-06	1e-06	6e-06	3e-06	2e-06	3e-06	1e-06	2e-06	2e-06	3e-06	5e-06	1e-06	4e-06	3e-06	6e-06	7e-06	1.2e-05	4e-06	1e-06	1e-05	1.2e-05	5e-06	1.2e-05	7e-06	6e-06	8e-06	9e-06	7e-06	6e-06	5e-06	8e-06	7e-06	3e-06	5e-06	1e-05	7e-06	6e-06	6e-06	7e-06	5e-06	6e-06	7e-06	5e-06	1e-05	5e-06	3e-06	6e-06	7e-06	1e-06	3e-06	3e-06	3e-06	2e-06	1e-06	2e-06	1e-06	1e-06	1e-06	1e-06	1e-06	1e-06
	145	216	228	264	273	279	280	310	312	313	316	319	322	324	326	329	334	335	339	340	342	343	344	346	347	349	350	353	354	356	357	359	360	362	363	365	369	370	400	504
1234N_1234N_M1	1e-06	1e-06	1e-06	1e-06	1e-06	1e-06	1e-06	1e-06	1e-06	1e-06	1e-06	1e-06	1e-06	1e-06	1e-06	1e-06	2e-06	4e-06	1e-06	1e-06	1e-06	1e-06	2e-06	1e-06	3e-06	1e-06	1e-06	2e-06	1e-06	2e-06	1e-06	1e-06	2e-06	2e-06	2e-06	2e-06	1e-06	1e-06	1e-06	1e-06
	66	275	325	330	331	333	335	339	341	342	345	346	348	351	356	357	360	361	364	365	366	368	373
1234N_1234N_M2	1e-06	1e-06	1e-06	1e-06	1e-06	1e-06	2e-06	1e-06	2e-06	2e-06	2e-06	1e-06	2e-06	1e-06	1e-06	2e-06	1e-06	1e-06	2e-06	1e-06	1e-06	1e-06	1e-06
	108	117	130	147	150	162	167	180	182	213	235	252	258	268	276	280	281	289	292	295	296	301	302	315	318	321	326	328	332	333	335	339	340	341	342	343	344	347	348	349	352	356	358	359	362	363	365	366	369	371	374
1234N_1234N_M4	1e-06	1e-06	1e-06	1e-06	1e-06	1e-06	1e-06	1e-06	1e-06	1e-06	1e-06	1e-06	1e-06	1e-06	1e-06	1e-06	1e-06	1e-06	1e-06	1e-06	1e-06	1e-06	1e-06	1e-06	1e-06	1e-06	1e-06	1e-06	1e-06	3e-06	2e-06	3e-06	1e-06	2e-06	1e-06	2e-06	2e-06	2e-06	1e-06	2e-06	2e-06	1e-06	1e-06	1e-06	1e-06	1e-06	1e-06	2e-06	1e-06	1e-06	2e-06
	80	107	124	166	181	182	190	195	201	236	244	250	256	259	263	271	284	287	293	297	300	305	308	310	311	321	324	327	329	331	334	335	336	337	338	339	340	341	342	344	345	346	348	349	350	351	352	353	355	356	357	358	359	360	361	362	364	365	366	367	368	370	378
1234N_1234N_M5	1e-06	1e-06	1e-06	1e-06	1e-06	1e-06	1e-06	1e-06	1e-06	1e-06	1e-06	2e-06	1e-06	1e-06	1e-06	1e-06	1e-06	1e-06	1e-06	2e-06	1e-06	1e-06	1e-06	2e-06	2e-06	2e-06	1e-06	2e-06	3e-06	1e-06	2e-06	2e-06	1e-06	1e-06	2e-06	3e-06	2e-06	4e-06	2e-06	1e-06	2e-06	1e-06	1e-06	1e-06	1e-06	1e-06	1e-06	4e-06	2e-06	1e-06	1e-06	3e-06	1e-06	1e-06	2e-06	1e-06	1e-06	2e-06	2e-06	1e-06	2e-06	1e-06	1e-06
	106	123	131	136	162	178	211	218	229	244	263	269	275	284	286	298	299	308	309	314	318	324	328	329	331	332	333	334	335	336	338	339	343	344	345	346	347	349	350	351	352	353	354	355	356	357	359	360	361	362	363	369	371
1234N_1234N_M6	1e-06	1e-06	1e-06	1e-06	1e-06	1e-06	1e-06	1e-06	1e-06	1e-06	1e-06	1e-06	1e-06	1e-06	1e-06	1e-06	1e-06	1e-06	1e-06	1e-06	1e-06	1e-06	1e-06	1e-06	1e-06	1e-06	1e-06	3e-06	2e-06	3e-06	6e-06	1e-06	3e-06	2e-06	3e-06	3e-06	2e-06	2e-06	2e-06	1e-06	3e-06	2e-06	2e-06	2e-06	1e-06	1e-06	2e-06	2e-06	2e-06	5e-06	2e-06	1e-06	1e-06
	191	233	263	267	272	281	288	290	292	297	321	322	323	328	331	332	333	336	338	339	340	341	342	343	344	345	346	348	349	350	352	353	354	355	357	358	359	360	361	362	363	364	366	370	375	445	511
1234N_1234N_M7	1e-06	1e-06	2e-06	1e-06	1e-06	2e-06	1e-06	1e-06	1e-06	1e-06	3e-06	2e-06	2e-06	1e-06	1e-06	1e-06	1e-06	1e-06	2e-06	3e-06	1e-06	4e-06	1e-06	1e-06	1e-06	2e-06	2e-06	1e-06	2e-06	3e-06	1e-06	2e-06	4e-06	2e-06	2e-06	1e-06	1e-06	1e-06	1e-06	1e-06	1e-06	1e-06	2e-06	1e-06	1e-06	1e-06	1e-06
	33	55	57	72	79	82	88	92	93	97	99	100	101	102	103	105	107	108	109	110	111	112	113	114	115	116	117	118	120	122	123	124	125	126	128	130	131	132	133	135	136	137	138	139	140	141	142	143	145	147	148	149	151	152	153	154	155	156	157	158	160	161	162	163	164	166	167	168	169	170	171	173	174	175	177	178	179	180	181	182	183	184	185	186	187	188	189	190	191	192	193	195	197	198	199	200	201	202	203	204	205	206	207	208	209	211	212	213	214	215	216	217	218	219	220	221	222	223	224	225	226	227	228	229	230	231	232	233	234	236	237	238	239	240	241	242	243	244	245	246	247	248	249	250	251	252	253	254	255	256	257	258	259	260	261	262	263	264	265	266	267	268	269	270	271	272	273	274	275	276	277	278	279	280	281	282	283	284	285	286	287	288	289	290	291	292	293	294	295	296	297	298	299	300	301	302	303	304	305	306	307	308	309	310	311	312	313	314	315	316	317	318	319	320	321	322	323	324	325	326	327	328	329	330	331	332	333	334	335	336	337	338	339	340	341	342	343	344	345	346	347	348	349	350	351	352	353	354	355	356	357	358	359	360	361	362	363	364	365	366	367	368	369	370	371	375	376	377	382	386	388	389	390	392	395	397	400	404	406	407	408	412	414	415	417	418	420	421	422	423	424	426	429	431	432	441	443	448	451	453	460	461	463	465	467	468	478	480	488	491	498	504	513	516	520	522	524	543	545	550	553	557	605
9876T.recal	1e-06	1e-06	1e-06	1e-06	2e-06	2e-06	2e-06	1e-06	2e-06	4e-06	2e-06	2e-06	2e-06	3e-06	2e-06	2e-06	3e-06	1e-06	4e-06	2e-06	4e-06	1e-06	1e-06	2e-06	1e-06	3e-06	1e-06	2e-06	4e-06	1e-06	2e-06	1e-06	1e-06	1e-06	1e-06	1e-06	2e-06	3e-06	5e-06	3e-06	1e-06	3e-06	2e-06	3e-06	2e-06	2e-06	4e-06	1e-06	2e-06	1e-06	4e-06	3e-06	1e-06	3e-06	1e-06	1e-06	2e-06	5e-06	2e-06	3e-06	1e-06	2e-06	1e-06	5e-06	3e-06	1e-06	1e-06	2e-06	3e-06	1e-06	3e-06	3e-06	2e-06	4e-06	2e-06	2e-06	3e-06	3e-06	4e-06	3e-06	1e-06	3e-06	2e-06	5e-06	3e-06	4e-06	3e-06	2e-06	3e-06	1e-06	2e-06	6e-06	1e-06	5e-06	5e-06	5e-06	4e-06	1e-06	3e-06	1e-06	1e-06	2e-06	5e-06	1e-06	1e-06	5e-06	1e-06	6e-06	2e-06	3e-06	1e-06	2e-06	3e-06	1e-06	2e-06	6e-06	3e-06	4e-06	4e-06	3e-06	2e-06	4e-06	2e-06	1e-06	4e-06	2e-06	6e-06	1e-06	4e-06	4e-06	2e-06	2e-06	2e-06	2e-06	8e-06	3e-06	4e-06	1e-06	2e-06	5e-06	7e-06	3e-06	4e-06	2e-06	4e-06	3e-06	5e-06	7e-06	7e-06	7e-06	7e-06	8e-06	9e-06	5e-06	7e-06	8e-06	9e-06	1e-05	8e-06	1.1e-05	1.2e-05	5e-06	9e-06	1.1e-05	8e-06	1e-05	6e-06	8e-06	6e-06	7e-06	8e-06	8e-06	6e-06	8e-06	1.3e-05	1e-05	7e-06	1.6e-05	1.6e-05	9e-06	1e-05	7e-06	9e-06	1e-05	1.5e-05	1.2e-05	7e-06	9e-06	1.4e-05	9e-06	1.2e-05	1.6e-05	7e-06	1.6e-05	1.3e-05	9e-06	1.5e-05	1.4e-05	1.4e-05	1.5e-05	1.6e-05	9e-06	6e-06	1.6e-05	2.4e-05	2e-05	1.6e-05	1.9e-05	1.9e-05	2.1e-05	2.4e-05	2.3e-05	2.5e-05	2.9e-05	4.2e-05	2.3e-05	4.1e-05	4.2e-05	3.3e-05	5.5e-05	6.2e-05	5.1e-05	5.6e-05	7e-05	6.8e-05	7.7e-05	7e-05	6.5e-05	6.4e-05	8.3e-05	6.7e-05	8.2e-05	6e-05	6.5e-05	6.2e-05	6.6e-05	6.8e-05	7.3e-05	6.7e-05	6.9e-05	6.2e-05	5.3e-05	6.9e-05	5.8e-05	5e-05	6.4e-05	4.3e-05	4.7e-05	4.8e-05	4.7e-05	4.5e-05	3.5e-05	3.2e-05	2.2e-05	1.3e-05	1.3e-05	1.6e-05	1.1e-05	1.1e-05	9e-06	5e-06	2e-06	1e-06	3e-06	3e-06	1e-06	1e-06	2e-06	1e-06	1e-06	2e-06	1e-06	1e-06	2e-06	1e-06	1e-06	1e-06	1e-06	1e-06	1e-06	1e-06	2e-06	1e-06	1e-06	2e-06	1e-06	1e-06	1e-06	1e-06	1e-06	1e-06	2e-06	1e-06	1e-06	1e-06	2e-06	1e-06	1e-06	1e-06	1e-06	1e-06	1e-06	2e-06	1e-06	1e-06	1e-06	2e-06	1e-06	1e-06	1e-06	1e-06	1e-06	1e-06	1e-06	1e-06	1e-06	1e-06	1e-06	1e-06	1e-06	1e-06	1e-06	1e-06
	33	88	93	100	109	116	122	124	126	130	132	133	136	138	139	140	142	145	149	152	155	156	160	162	164	175	180	181	183	184	186	188	195	198	200	202	203	206	211	213	214	221	223	224	225	230	231	233	236	241	242	243	244	246	247	248	249	251	252	255	256	257	258	260	261	262	263	264	265	266	267	268	269	271	272	274	275	277	278	279	280	281	282	283	284	285	286	287	288	289	290	291	292	293	294	295	296	297	298	299	300	301	302	303	304	305	306	307	308	310	311	312	313	314	315	316	317	318	319	320	321	322	323	324	325	326	327	328	329	330	331	332	333	334	335	336	337	338	339	340	341	342	343	344	345	346	347	348	349	350	351	352	353	354	355	356	357	358	359	360	361	362	363	364	365	366	367	388	389	392	395	397	400	408	412	415	418	420	426	443	451	460	468	480	516	545
9876T_9876T_M1	1e-06	1e-06	1e-06	1e-06	1e-06	1e-06	1e-06	1e-06	1e-06	1e-06	1e-06	1e-06	1e-06	1e-06	1e-06	1e-06	1e-06	1e-06	1e-06	1e-06	1e-06	2e-06	1e-06	1e-06	1e-06	1e-06	1e-06	1e-06	1e-06	1e-06	1e-06	1e-06	1e-06	2e-06	1e-06	1e-06	1e-06	1e-06	1e-06	1e-06	1e-06	1e-06	1e-06	1e-06	1e-06	2e-06	1e-06	1e-06	2e-06	2e-06	1e-06	1e-06	1e-06	3e-06	2e-06	2e-06	1e-06	1e-06	1e-06	1e-06	2e-06	1e-06	2e-06	1e-06	1e-06	4e-06	3e-06	2e-06	1e-06	2e-06	3e-06	3e-06	5e-06	1e-06	3e-06	3e-06	1e-06	1e-06	1e-06	2e-06	2e-06	3e-06	1e-06	1e-06	2e-06	5e-06	2e-06	3e-06	2e-06	1e-06	2e-06	3e-06	4e-06	2e-06	2e-06	1e-06	3e-06	4e-06	5e-06	1e-06	4e-06	3e-06	3e-06	3e-06	2e-06	5e-06	5e-06	4e-06	3e-06	4e-06	3e-06	5e-06	3e-06	7e-06	3e-06	7e-06	4e-06	6e-06	6e-06	8e-06	9e-06	3e-06	8e-06	1.3e-05	8e-06	6e-06	1.7e-05	1.5e-05	1.8e-05	1.9e-05	1.6e-05	1.5e-05	1.6e-05	1e-05	1.4e-05	1.6e-05	1.5e-05	2.6e-05	1.7e-05	1.4e-05	2.3e-05	1.2e-05	1.3e-05	1.7e-05	1.4e-05	1.5e-05	1.3e-05	1.2e-05	1.7e-05	1.5e-05	8e-06	1.3e-05	1.1e-05	1.2e-05	1e-05	1.1e-05	1.3e-05	1.1e-05	7e-06	4e-06	4e-06	2e-06	3e-06	1e-06	4e-06	1e-06	2e-06	1e-06	1e-06	1e-06	1e-06	1e-06	1e-06	1e-06	1e-06	1e-06	1e-06	1e-06	1e-06	1e-06	1e-06	1e-06	1e-06	1e-06	1e-06	1e-06
	57	100	101	102	107	108	118	128	133	135	140	142	149	152	158	163	164	173	174	175	177	179	180	181	182	185	187	189	190	192	193	195	198	199	201	207	209	211	212	213	214	215	217	221	222	223	227	232	240	241	242	243	246	247	248	253	254	255	258	259	260	261	263	264	265	266	267	268	271	272	274	275	276	277	280	281	282	283	284	285	286	287	289	290	291	292	295	296	297	298	299	300	301	302	303	304	305	306	307	308	310	311	312	313	314	315	316	317	318	319	320	321	322	323	324	325	326	327	328	329	330	331	332	333	334	335	336	337	338	339	340	341	342	343	344	345	346	347	348	349	350	351	352	353	354	355	356	357	358	359	360	361	362	363	364	365	366	367	368	369	370	376	386	390	407	422	431	467	478	488	504
9876T_9876T_M2	1e-06	1e-06	2e-06	1e-06	2e-06	1e-06	1e-06	1e-06	1e-06	1e-06	1e-06	1e-06	1e-06	1e-06	1e-06	1e-06	1e-06	1e-06	1e-06	1e-06	1e-06	1e-06	1e-06	1e-06	1e-06	1e-06	1e-06	1e-06	1e-06	1e-06	2e-06	2e-06	1e-06	2e-06	1e-06	2e-06	1e-06	1e-06	1e-06	1e-06	1e-06	1e-06	1e-06	1e-06	1e-06	1e-06	1e-06	1e-06	1e-06	1e-06	1e-06	1e-06	1e-06	2e-06	1e-06	1e-06	2e-06	2e-06	1e-06	1e-06	1e-06	4e-06	2e-06	1e-06	1e-06	2e-06	3e-06	2e-06	1e-06	1e-06	2e-06	1e-06	2e-06	2e-06	1e-06	6e-06	3e-06	3e-06	6e-06	2e-06	2e-06	1e-06	2e-06	3e-06	2e-06	1e-06	4e-06	3e-06	1e-06	3e-06	2e-06	2e-06	3e-06	2e-06	6e-06	5e-06	5e-06	4e-06	4e-06	1e-06	1e-06	4e-06	2e-06	3e-06	6e-06	6e-06	5e-06	5e-06	4e-06	1e-06	6e-06	1e-05	4e-06	1e-05	7e-06	3e-06	1.2e-05	1e-05	8e-06	1.1e-05	1e-05	1.6e-05	1.5e-05	1.2e-05	1.6e-05	1.5e-05	1.6e-05	1.7e-05	1.3e-05	1.2e-05	1.2e-05	1.3e-05	2.2e-05	1.7e-05	1.8e-05	1.5e-05	1.5e-05	1.4e-05	1e-05	1.1e-05	1.6e-05	1.5e-05	9e-06	8e-06	9e-06	1.2e-05	1.4e-05	8e-06	8e-06	7e-06	4e-06	2e-06	1e-06	3e-06	3e-06	2e-06	4e-06	2e-06	1e-06	1e-06	1e-06	1e-06	1e-06	1e-06	1e-06	1e-06	1e-06	1e-06	1e-06	1e-06	1e-06
	55	79	97	102	103	105	107	109	110	111	114	115	118	120	123	132	133	139	141	148	152	155	156	158	161	163	164	166	168	171	175	177	178	181	182	186	187	190	191	195	199	207	215	217	218	220	221	223	224	228	229	230	232	234	236	238	240	241	242	243	247	249	250	251	253	254	255	256	257	258	260	261	262	264	265	266	267	268	269	270	271	272	273	274	276	277	278	279	280	281	282	283	284	285	286	287	288	289	290	291	292	293	294	295	296	297	298	299	300	302	303	304	306	307	308	309	310	311	312	313	314	315	316	317	318	319	320	321	322	323	324	325	326	327	328	329	330	331	332	333	334	335	336	337	338	339	340	341	342	343	344	345	346	347	348	349	350	351	352	353	354	355	356	357	358	359	360	361	362	363	364	365	366	367	370	371	377	382	406	412	417	429	453	461	463	491	513	553	557
9876T_9876T_M3	1e-06	2e-06	2e-06	1e-06	1e-06	2e-06	1e-06	1e-06	1e-06	2e-06	1e-06	1e-06	1e-06	2e-06	1e-06	2e-06	1e-06	1e-06	1e-06	1e-06	1e-06	1e-06	3e-06	1e-06	1e-06	2e-06	1e-06	1e-06	1e-06	1e-06	1e-06	1e-06	1e-06	1e-06	2e-06	1e-06	1e-06	1e-06	1e-06	1e-06	1e-06	2e-06	2e-06	1e-06	3e-06	1e-06	2e-06	2e-06	2e-06	1e-06	1e-06	1e-06	1e-06	2e-06	2e-06	1e-06	1e-06	3e-06	1e-06	2e-06	1e-06	1e-06	1e-06	1e-06	2e-06	1e-06	1e-06	1e-06	2e-06	3e-06	2e-06	1e-06	1e-06	1e-06	2e-06	1e-06	2e-06	1e-06	1e-06	5e-06	2e-06	2e-06	3e-06	2e-06	1e-06	1e-06	3e-06	1e-06	2e-06	2e-06	1e-06	3e-06	4e-06	3e-06	1e-06	3e-06	3e-06	3e-06	1e-06	4e-06	2e-06	4e-06	1e-06	5e-06	1e-06	2e-06	4e-06	1e-06	3e-06	2e-06	3e-06	5e-06	1e-06	1e-06	1e-06	3e-06	4e-06	7e-06	6e-06	2e-06	3e-06	4e-06	6e-06	6e-06	4e-06	5e-06	4e-06	8e-06	3e-06	1e-05	1e-05	7e-06	8e-06	1.4e-05	1.2e-05	5e-06	1.5e-05	1.2e-05	2e-05	1.2e-05	1.7e-05	1e-05	1.7e-05	2e-05	1.4e-05	9e-06	1.5e-05	1.9e-05	1.1e-05	1.6e-05	1.6e-05	1.6e-05	1.2e-05	1.6e-05	7e-06	1.5e-05	1.6e-05	7e-06	2e-05	1.5e-05	5e-06	1e-05	1.5e-05	7e-06	5e-06	6e-06	5e-06	1e-06	6e-06	3e-06	3e-06	2e-06	2e-06	1e-06	1e-06	1e-06	1e-06	1e-06	1e-06	1e-06	1e-06	1e-06	1e-06	1e-06	1e-06	1e-06	1e-06	1e-06	1e-06
	72	88	93	97	99	103	109	112	116	117	123	131	135	137	141	142	148	151	153	157	163	168	169	171	173	175	179	180	185	186	187	189	191	197	198	199	200	201	203	205	211	213	216	219	220	221	222	224	227	228	230	231	234	237	239	245	246	247	249	252	254	255	256	257	258	259	260	261	262	263	264	265	266	267	270	272	273	274	275	276	277	278	279	280	281	282	284	285	287	288	289	290	291	292	294	295	296	297	298	299	300	301	302	303	304	305	306	307	308	309	310	311	312	313	314	315	316	317	318	319	320	321	322	323	324	325	326	327	328	329	330	331	332	333	334	335	336	337	338	339	340	341	342	343	344	345	346	347	348	349	350	351	352	353	354	355	356	357	358	359	360	361	362	363	364	366	370	371	377	392	404	426	441	498	520	522	524	543
9876T_9876T_M4	1e-06	1e-06	1e-06	1e-06	1e-06	1e-06	1e-06	1e-06	2e-06	1e-06	1e-06	2e-06	1e-06	2e-06	1e-06	1e-06	1e-06	1e-06	1e-06	1e-06	1e-06	1e-06	1e-06	1e-06	1e-06	1e-06	1e-06	1e-06	1e-06	2e-06	1e-06	1e-06	2e-06	1e-06	1e-06	2e-06	4e-06	2e-06	1e-06	1e-06	1e-06	3e-06	1e-06	1e-06	1e-06	1e-06	2e-06	1e-06	1e-06	1e-06	1e-06	1e-06	1e-06	2e-06	1e-06	1e-06	1e-06	2e-06	1e-06	2e-06	3e-06	2e-06	3e-06	1e-06	2e-06	3e-06	1e-06	1e-06	1e-06	1e-06	5e-06	1e-06	4e-06	2e-06	3e-06	2e-06	2e-06	1e-06	3e-06	4e-06	3e-06	3e-06	1e-06	2e-06	1e-06	4e-06	3e-06	4e-06	3e-06	1e-06	3e-06	1e-06	3e-06	4e-06	3e-06	3e-06	1e-06	1e-06	2e-06	1e-06	4e-06	6e-06	4e-06	3e-06	2e-06	2e-06	6e-06	1e-06	2e-06	1e-06	4e-06	8e-06	1e-06	4e-06	1e-06	3e-06	4e-06	4e-06	6e-06	9e-06	8e-06	5e-06	1.1e-05	9e-06	1e-05	1.2e-05	1.8e-05	1.7e-05	1.6e-05	1.8e-05	1.9e-05	1.3e-05	1.9e-05	2e-05	1.8e-05	1.8e-05	2.9e-05	1.9e-05	1.2e-05	1.5e-05	1.8e-05	1.2e-05	1.3e-05	1.4e-05	2e-05	1.8e-05	1.8e-05	1.1e-05	1.6e-05	1.9e-05	1.5e-05	1.7e-05	2.1e-05	6e-06	1.1e-05	1.5e-05	7e-06	1.1e-05	5e-06	7e-06	3e-06	5e-06	2e-06	4e-06	4e-06	2e-06	1e-06	2e-06	1e-06	1e-06	1e-06	1e-06	1e-06	1e-06	1e-06	1e-06	1e-06	1e-06
	82	92	97	99	102	109	110	111	113	114	120	125	133	135	137	138	139	142	143	145	147	148	149	154	157	158	161	163	167	169	170	171	173	174	178	179	181	184	186	188	189	195	198	201	203	204	206	207	208	211	213	221	223	225	226	227	232	234	238	239	241	245	248	249	250	251	253	254	255	256	257	258	259	260	262	263	264	265	266	267	268	269	270	271	272	273	275	276	277	278	279	280	281	282	284	285	286	287	288	289	290	291	292	293	294	295	296	297	298	299	300	301	303	304	305	306	307	308	309	310	311	312	313	314	315	316	317	318	319	320	321	322	323	324	325	326	327	328	329	330	331	332	333	334	335	336	337	338	339	340	341	342	343	344	345	346	347	348	349	350	351	352	353	354	355	356	357	358	359	360	361	362	363	364	365	366	368	375	388	414	417	421	423	424	432	441	448	463	465	478	550	605
9876T_9876T_M5	2e-06	1e-06	1e-06	1e-06	1e-06	1e-06	1e-06	2e-06	1e-06	1e-06	2e-06	1e-06	2e-06	1e-06	1e-06	1e-06	1e-06	1e-06	1e-06	1e-06	1e-06	2e-06	1e-06	1e-06	1e-06	1e-06	1e-06	1e-06	1e-06	2e-06	1e-06	1e-06	1e-06	1e-06	1e-06	1e-06	1e-06	2e-06	1e-06	3e-06	1e-06	2e-06	1e-06	1e-06	1e-06	1e-06	1e-06	1e-06	1e-06	2e-06	1e-06	1e-06	1e-06	2e-06	2e-06	2e-06	4e-06	1e-06	1e-06	1e-06	3e-06	1e-06	1e-06	1e-06	1e-06	2e-06	3e-06	1e-06	2e-06	1e-06	3e-06	2e-06	5e-06	1e-06	3e-06	3e-06	1e-06	3e-06	3e-06	3e-06	1e-06	3e-06	7e-06	4e-06	3e-06	1e-06	1e-06	1e-06	2e-06	1e-06	2e-06	2e-06	3e-06	1e-06	2e-06	4e-06	4e-06	2e-06	2e-06	2e-06	3e-06	3e-06	1e-06	1e-06	3e-06	3e-06	3e-06	4e-06	3e-06	2e-06	3e-06	1e-06	2e-06	2e-06	2e-06	1e-06	6e-06	2e-06	3e-06	4e-06	3e-06	6e-06	5e-06	3e-06	5e-06	3e-06	5e-06	5e-06	5e-06	6e-06	1.3e-05	4e-06	6e-06	5e-06	8e-06	1.6e-05	1.2e-05	8e-06	1.1e-05	1.2e-05	2.5e-05	1.6e-05	1.9e-05	1.8e-05	1.1e-05	2.2e-05	1.3e-05	3.3e-05	2e-05	1.4e-05	7e-06	1.9e-05	1.7e-05	2e-05	1.6e-05	1.7e-05	1.3e-05	1.5e-05	1.1e-05	8e-06	1.1e-05	1.4e-05	5e-06	1.3e-05	8e-06	1e-05	8e-06	1e-05	7e-06	8e-06	2e-06	3e-06	3e-06	2e-06	3e-06	1e-06	1e-06	1e-06	1e-06	1e-06	1e-06	1e-06	1e-06	1e-06	1e-06	1e-06	1e-06	1e-06	1e-06	1e-06	1e-06	1e-06

