	10.0	11.0	12.0	13.0	14.0	15.0	16.0	17.0	18.0	19.0	20.0	21.0	22.0	23.0	24.0	25.0	26.0	27.0	28.0	29.0	30.0	31.0	32.0	33.0	34.0
1234N_1234N_M1_R1	1.0	0.0	0.0	0.0	0.0	0.0	1.0	0.0	0.0	0.0	0.0	1.0	0.0	0.0	0.0	0.0	2.0	1.0	1.0	1.0	1.0	5.0	11.0	30.0	3.0
	2.0	3.0	4.0	5.0	6.0	7.0	8.0	9.0	10.0	11.0	12.0	13.0	14.0	15.0	16.0	17.0	18.0	19.0	20.0	21.0	22.0	23.0	24.0	25.0	26.0	27.0	28.0	29.0	30.0	31.0	32.0	33.0
1234N_1234N_M1_R2	2.0	0.0	0.0	0.0	0.0	0.0	0.0	0.0	0.0	1.0	1.0	0.0	0.0	0.0	0.0	1.0	0.0	0.0	0.0	0.0	0.0	0.0	0.0	1.0	4.0	0.0	2.0	2.0	1.0	5.0	13.0	25.0
	22.0	23.0	24.0	25.0	26.0	27.0	28.0	29.0	30.0	31.0	32.0	33.0	34.0
1234N_1234N_M2_R1	1.0	0.0	0.0	0.0	0.0	0.0	0.0	2.0	1.0	2.0	4.0	18.0	3.0
	9.0	10.0	11.0	12.0	13.0	14.0	15.0	16.0	17.0	18.0	19.0	20.0	21.0	22.0	23.0	24.0	25.0	26.0	27.0	28.0	29.0	30.0	31.0	32.0	33.0
1234N_1234N_M2_R2	1.0	0.0	0.0	0.0	0.0	0.0	0.0	0.0	0.0	0.0	0.0	0.0	0.0	1.0	0.0	0.0	0.0	0.0	0.0	0.0	0.0	1.0	2.0	9.0	17.0
	21.0	22.0	23.0	24.0	25.0	26.0	27.0	28.0	29.0	30.0	31.0	32.0	33.0	34.0
1234N_1234N_M4_R1	2.0	0.0	0.0	1.0	0.0	1.0	0.0	1.0	0.0	2.0	5.0	5.0	24.0	30.0
	3.0	4.0	5.0	6.0	7.0	8.0	9.0	10.0	11.0	12.0	13.0	14.0	15.0	16.0	17.0	18.0	19.0	20.0	21.0	22.0	23.0	24.0	25.0	26.0	27.0	28.0	29.0	30.0	31.0	32.0	33.0
1234N_1234N_M4_R2	1.0	0.0	0.0	0.0	0.0	0.0	0.0	1.0	0.0	0.0	0.0	1.0	0.0	1.0	0.0	0.0	0.0	0.0	0.0	0.0	1.0	0.0	1.0	1.0	0.0	0.0	3.0	5.0	7.0	13.0	36.0
	8.0	9.0	10.0	11.0	12.0	13.0	14.0	15.0	16.0	17.0	18.0	19.0	20.0	21.0	22.0	23.0	24.0	25.0	26.0	27.0	28.0	29.0	30.0	31.0	32.0	33.0	34.0
1234N_1234N_M5_R1	1.0	0.0	1.0	0.0	0.0	0.0	0.0	0.0	0.0	0.0	0.0	0.0	2.0	0.0	0.0	0.0	0.0	0.0	0.0	1.0	0.0	3.0	1.0	3.0	10.0	17.0	63.0
	2.0	3.0	4.0	5.0	6.0	7.0	8.0	9.0	10.0	11.0	12.0	13.0	14.0	15.0	16.0	17.0	18.0	19.0	20.0	21.0	22.0	23.0	24.0	25.0	26.0	27.0	28.0	29.0	30.0	31.0	32.0	33.0
1234N_1234N_M5_R2	4.0	0.0	0.0	0.0	0.0	0.0	0.0	0.0	0.0	0.0	0.0	1.0	0.0	0.0	0.0	1.0	1.0	1.0	0.0	1.0	0.0	1.0	1.0	0.0	3.0	1.0	0.0	0.0	1.0	8.0	26.0	52.0
	27.0	28.0	29.0	30.0	31.0	32.0	33.0	34.0
1234N_1234N_M6_R1	1.0	1.0	1.0	5.0	1.0	4.0	25.0	56.0
	2.0	3.0	4.0	5.0	6.0	7.0	8.0	9.0	10.0	11.0	12.0	13.0	14.0	15.0	16.0	17.0	18.0	19.0	20.0	21.0	22.0	23.0	24.0	25.0	26.0	27.0	28.0	29.0	30.0	31.0	32.0	33.0
1234N_1234N_M6_R2	3.0	0.0	0.0	0.0	0.0	0.0	0.0	0.0	0.0	1.0	0.0	0.0	0.0	0.0	0.0	0.0	0.0	0.0	1.0	0.0	0.0	0.0	0.0	1.0	0.0	0.0	0.0	1.0	1.0	8.0	19.0	59.0
	26.0	27.0	28.0	29.0	30.0	31.0	32.0	33.0	34.0
1234N_1234N_M7_R1	1.0	1.0	1.0	1.0	2.0	3.0	5.0	33.0	32.0
	2.0	3.0	4.0	5.0	6.0	7.0	8.0	9.0	10.0	11.0	12.0	13.0	14.0	15.0	16.0	17.0	18.0	19.0	20.0	21.0	22.0	23.0	24.0	25.0	26.0	27.0	28.0	29.0	30.0	31.0	32.0	33.0
1234N_1234N_M7_R2	2.0	1.0	0.0	0.0	0.0	0.0	1.0	1.0	0.0	0.0	0.0	0.0	0.0	0.0	0.0	1.0	0.0	0.0	0.0	1.0	1.0	0.0	0.0	2.0	1.0	0.0	1.0	1.0	3.0	3.0	8.0	52.0
	11.0	12.0	13.0	14.0	15.0	16.0	17.0	18.0	19.0	20.0	21.0	22.0	23.0	24.0	25.0	26.0	27.0	28.0	29.0	30.0	31.0	32.0	33.0	34.0	35.0
9876T_9876T_M1_R1	1.0	0.0	1.0	0.0	1.0	0.0	2.0	0.0	0.0	1.0	1.0	1.0	0.0	2.0	1.0	4.0	4.0	7.0	12.0	15.0	19.0	36.0	46.0	140.0	576.0
	2.0	3.0	4.0	5.0	6.0	7.0	8.0	9.0	10.0	11.0	12.0	13.0	14.0	15.0	16.0	17.0	18.0	19.0	20.0	21.0	22.0	23.0	24.0	25.0	26.0	27.0	28.0	29.0	30.0	31.0	32.0	33.0	34.0	35.0
9876T_9876T_M1_R2	16.0	2.0	1.0	0.0	1.0	0.0	0.0	0.0	1.0	0.0	2.0	0.0	2.0	0.0	1.0	2.0	3.0	1.0	0.0	3.0	1.0	1.0	2.0	3.0	5.0	14.0	9.0	18.0	15.0	26.0	43.0	71.0	214.0	413.0
	14.0	15.0	16.0	17.0	18.0	19.0	20.0	21.0	22.0	23.0	24.0	25.0	26.0	27.0	28.0	29.0	30.0	31.0	32.0	33.0	34.0	35.0	36.0
9876T_9876T_M2_R1	1.0	0.0	0.0	0.0	0.0	1.0	0.0	0.0	2.0	1.0	1.0	3.0	2.0	2.0	7.0	9.0	13.0	18.0	34.0	54.0	131.0	518.0	2.0
	2.0	3.0	4.0	5.0	6.0	7.0	8.0	9.0	10.0	11.0	12.0	13.0	14.0	15.0	16.0	17.0	18.0	19.0	20.0	21.0	22.0	23.0	24.0	25.0	26.0	27.0	28.0	29.0	30.0	31.0	32.0	33.0	34.0	35.0
9876T_9876T_M2_R2	12.0	1.0	1.0	0.0	1.0	0.0	1.0	0.0	2.0	1.0	0.0	0.0	2.0	1.0	1.0	0.0	3.0	0.0	2.0	2.0	3.0	1.0	5.0	5.0	3.0	7.0	7.0	14.0	24.0	23.0	38.0	81.0	151.0	407.0
	21.0	22.0	23.0	24.0	25.0	26.0	27.0	28.0	29.0	30.0	31.0	32.0	33.0	34.0	35.0	36.0
9876T_9876T_M3_R1	2.0	0.0	4.0	3.0	2.0	1.0	4.0	9.0	4.0	14.0	19.0	29.0	58.0	134.0	539.0	3.0
	2.0	3.0	4.0	5.0	6.0	7.0	8.0	9.0	10.0	11.0	12.0	13.0	14.0	15.0	16.0	17.0	18.0	19.0	20.0	21.0	22.0	23.0	24.0	25.0	26.0	27.0	28.0	29.0	30.0	31.0	32.0	33.0	34.0	35.0
9876T_9876T_M3_R2	8.0	2.0	1.0	2.0	2.0	1.0	0.0	0.0	1.0	2.0	0.0	1.0	0.0	2.0	1.0	1.0	2.0	1.0	4.0	2.0	1.0	1.0	3.0	5.0	0.0	10.0	16.0	21.0	23.0	23.0	46.0	70.0	177.0	396.0
	10.0	11.0	12.0	13.0	14.0	15.0	16.0	17.0	18.0	19.0	20.0	21.0	22.0	23.0	24.0	25.0	26.0	27.0	28.0	29.0	30.0	31.0	32.0	33.0	34.0	35.0	36.0
9876T_9876T_M4_R1	1.0	0.0	0.0	1.0	0.0	0.0	1.0	1.0	0.0	2.0	0.0	0.0	1.0	1.0	4.0	0.0	2.0	3.0	3.0	7.0	11.0	19.0	38.0	79.0	160.0	598.0	2.0
	2.0	3.0	4.0	5.0	6.0	7.0	8.0	9.0	10.0	11.0	12.0	13.0	14.0	15.0	16.0	17.0	18.0	19.0	20.0	21.0	22.0	23.0	24.0	25.0	26.0	27.0	28.0	29.0	30.0	31.0	32.0	33.0	34.0	35.0
9876T_9876T_M4_R2	13.0	1.0	2.0	2.0	0.0	1.0	1.0	0.0	0.0	2.0	1.0	0.0	0.0	1.0	1.0	2.0	1.0	0.0	2.0	2.0	4.0	0.0	7.0	3.0	5.0	7.0	7.0	13.0	24.0	26.0	55.0	81.0	198.0	472.0
	12.0	13.0	14.0	15.0	16.0	17.0	18.0	19.0	20.0	21.0	22.0	23.0	24.0	25.0	26.0	27.0	28.0	29.0	30.0	31.0	32.0	33.0	34.0	35.0	36.0
9876T_9876T_M5_R1	1.0	0.0	1.0	1.0	0.0	0.0	2.0	0.0	4.0	0.0	1.0	0.0	1.0	3.0	3.0	3.0	6.0	5.0	14.0	21.0	31.0	52.0	137.0	604.0	1.0
	2.0	3.0	4.0	5.0	6.0	7.0	8.0	9.0	10.0	11.0	12.0	13.0	14.0	15.0	16.0	17.0	18.0	19.0	20.0	21.0	22.0	23.0	24.0	25.0	26.0	27.0	28.0	29.0	30.0	31.0	32.0	33.0	34.0	35.0
9876T_9876T_M5_R2	12.0	1.0	1.0	0.0	0.0	0.0	0.0	0.0	4.0	0.0	1.0	0.0	0.0	0.0	1.0	4.0	1.0	2.0	2.0	1.0	3.0	4.0	3.0	4.0	5.0	4.0	10.0	11.0	18.0	19.0	53.0	74.0	199.0	454.0

