# Position (bp)	A	C	G	T	N
0.0	25.077399380804955	2.1671826625387	28.482972136222912	44.27244582043344	0.0
1.0	25.696594427244584	2.786377708978328	29.102167182662537	42.414860681114554	0.0
2.0	25.077399380804955	1.5479876160990713	29.721362229102166	43.653250773993804	0.0
3.0	25.696594427244584	3.0959752321981426	28.173374613003094	43.034055727554176	0.0
4.0	24.148606811145513	3.7151702786377707	29.721362229102166	42.414860681114554	0.0
5.0	26.006191950464398	1.5479876160990713	29.411764705882355	43.034055727554176	0.0
6.0	25.386996904024766	1.8575851393188854	28.792569659442723	43.962848297213625	0.0
7.0	25.696594427244584	2.476780185758514	29.411764705882355	42.414860681114554	0.0
8.0	25.386996904024766	2.476780185758514	29.102167182662537	43.034055727554176	0.0
9.0	25.386996904024766	2.1671826625387	30.030959752321984	42.414860681114554	0.0
10.0	26.006191950464398	1.5479876160990713	29.411764705882355	43.034055727554176	0.0
11.0	24.148606811145513	1.8575851393188854	29.411764705882355	44.58204334365325	0.0
12.0	24.458204334365323	2.1671826625387	29.102167182662537	44.27244582043344	0.0
13.0	24.76780185758514	1.5479876160990713	28.792569659442723	44.89164086687307	0.0
14.0	25.077399380804955	1.8575851393188854	28.482972136222912	44.58204334365325	0.0
15.0	25.386996904024766	1.8575851393188854	30.030959752321984	42.72445820433436	0.0
16.0	24.458204334365323	1.8575851393188854	29.411764705882355	44.27244582043344	0.0
17.0	24.458204334365323	1.238390092879257	28.482972136222912	45.82043343653251	0.0
18.0	24.76780185758514	2.476780185758514	29.411764705882355	43.343653250774	0.0
19.0	24.76780185758514	2.1671826625387	29.721362229102166	43.343653250774	0.0
20.0	25.077399380804955	1.8575851393188854	30.030959752321984	43.034055727554176	0.0
21.0	25.696594427244584	1.8575851393188854	30.030959752321984	42.414860681114554	0.0
22.0	26.006191950464398	2.476780185758514	29.721362229102166	41.795665634674926	0.0
23.0	25.696594427244584	1.8575851393188854	29.411764705882355	43.034055727554176	0.0
24.0	24.84472049689441	1.5527950310559007	29.503105590062113	44.099378881987576	0.0
25.0	24.84472049689441	2.484472049689441	30.745341614906835	41.92546583850932	0.0
26.0	25.465838509316768	1.5527950310559007	30.124223602484474	42.857142857142854	0.0
27.0	24.22360248447205	2.484472049689441	29.81366459627329	43.47826086956522	0.0
28.0	25.54517133956386	2.803738317757009	29.283489096573206	42.36760124610592	0.0
29.0	25.391849529780565	1.2539184952978055	30.094043887147336	43.260188087774296	0.0
30.0	26.34920634920635	2.857142857142857	28.888888888888886	41.904761904761905	0.0
31.0	26.198083067092654	2.8753993610223643	29.712460063897762	41.21405750798722	0.0
32.0	24.509803921568626	1.6339869281045754	30.392156862745097	43.4640522875817	0.0
33.0	25.25597269624573	2.3890784982935154	27.986348122866893	44.36860068259386	0.0
34.0	21.48148148148148	1.4814814814814816	29.259259259259256	47.77777777777778	0.0
35.0	0.0	3.684210526315789	34.21052631578947	62.10526315789474	0.0
