#Insert size (bp)	insert size
191.0	1.0
233.0	1.0
263.0	2.0
267.0	1.0
272.0	1.0
281.0	2.0
288.0	1.0
290.0	1.0
292.0	1.0
297.0	1.0
321.0	3.0
322.0	2.0
323.0	2.0
328.0	1.0
331.0	1.0
332.0	1.0
333.0	1.0
336.0	1.0
338.0	2.0
339.0	3.0
340.0	1.0
341.0	4.0
342.0	1.0
343.0	1.0
344.0	1.0
345.0	2.0
346.0	2.0
348.0	1.0
349.0	2.0
350.0	3.0
352.0	1.0
353.0	2.0
354.0	4.0
355.0	2.0
357.0	2.0
358.0	1.0
359.0	1.0
360.0	1.0
361.0	1.0
362.0	1.0
363.0	1.0
364.0	1.0
366.0	2.0
370.0	1.0
375.0	1.0
445.0	1.0
511.0	1.0
