# Position (bp)	A	C	G	T	N
0.0	33.33333333333333	19.858156028368796	17.02127659574468	29.78723404255319	0.0
1.0	29.078014184397162	19.148936170212767	17.02127659574468	34.751773049645394	0.0
2.0	32.62411347517731	19.858156028368796	17.73049645390071	29.78723404255319	0.0
3.0	33.80281690140845	14.084507042253522	25.352112676056336	26.76056338028169	0.0
4.0	28.87323943661972	18.30985915492958	23.239436619718308	29.577464788732392	0.0
5.0	29.577464788732392	28.169014084507044	15.492957746478872	26.76056338028169	0.0
6.0	23.776223776223777	22.377622377622377	14.685314685314685	39.16083916083916	0.0
7.0	26.573426573426573	16.083916083916083	18.88111888111888	38.46153846153847	0.0
8.0	25.0	24.305555555555554	18.055555555555554	32.63888888888889	0.0
9.0	29.166666666666668	22.916666666666664	17.36111111111111	30.555555555555557	0.0
10.0	29.166666666666668	19.444444444444446	21.52777777777778	29.86111111111111	0.0
11.0	26.38888888888889	18.75	18.055555555555554	36.80555555555556	0.0
12.0	32.63888888888889	13.194444444444445	21.52777777777778	32.63888888888889	0.0
13.0	30.555555555555557	21.52777777777778	15.972222222222221	31.944444444444443	0.0
14.0	37.5	20.833333333333336	18.055555555555554	23.61111111111111	0.0
15.0	34.72222222222222	18.055555555555554	16.666666666666664	30.555555555555557	0.0
16.0	38.19444444444444	20.13888888888889	18.055555555555554	23.61111111111111	0.0
17.0	28.47222222222222	23.61111111111111	18.055555555555554	29.86111111111111	0.0
18.0	25.0	13.88888888888889	25.0	36.11111111111111	0.0
19.0	26.20689655172414	17.24137931034483	22.06896551724138	34.48275862068966	0.0
20.0	31.724137931034484	22.06896551724138	17.93103448275862	28.27586206896552	0.0
21.0	25.0	23.61111111111111	18.055555555555554	33.33333333333333	0.0
22.0	26.573426573426573	11.888111888111888	21.678321678321677	39.86013986013986	0.0
23.0	27.083333333333332	24.305555555555554	22.22222222222222	26.38888888888889	0.0
24.0	31.724137931034484	21.379310344827587	12.413793103448276	34.48275862068966	0.0
25.0	31.03448275862069	15.172413793103448	18.620689655172416	35.172413793103445	0.0
26.0	32.87671232876712	21.232876712328768	21.91780821917808	23.972602739726025	0.0
27.0	28.08219178082192	21.232876712328768	18.493150684931507	32.19178082191781	0.0
28.0	31.506849315068493	22.602739726027394	17.123287671232877	28.767123287671232	0.0
29.0	28.27586206896552	15.862068965517242	20.0	35.86206896551724	0.0
30.0	32.41379310344827	17.24137931034483	21.379310344827587	28.965517241379313	0.0
31.0	28.965517241379313	13.793103448275861	23.448275862068964	33.793103448275865	0.0
32.0	17.93103448275862	18.620689655172416	18.620689655172416	34.48275862068966	10.344827586206897
33.0	28.965517241379313	20.689655172413794	16.551724137931036	33.793103448275865	0.0
34.0	35.172413793103445	15.172413793103448	20.0	29.655172413793103	0.0
35.0	28.08219178082192	22.602739726027394	15.068493150684931	34.24657534246575	0.0
36.0	23.972602739726025	16.43835616438356	24.65753424657534	34.93150684931507	0.0
37.0	34.93150684931507	18.493150684931507	16.43835616438356	30.136986301369863	0.0
38.0	27.397260273972602	15.753424657534246	24.65753424657534	32.19178082191781	0.0
39.0	28.08219178082192	21.232876712328768	19.17808219178082	31.506849315068493	0.0
40.0	32.41379310344827	22.06896551724138	11.03448275862069	34.48275862068966	0.0
41.0	28.27586206896552	20.689655172413794	19.310344827586206	31.724137931034484	0.0
42.0	24.137931034482758	24.82758620689655	19.310344827586206	31.724137931034484	0.0
43.0	26.38888888888889	25.0	17.36111111111111	31.25	0.0
44.0	29.166666666666668	17.36111111111111	25.694444444444443	27.77777777777778	0.0
45.0	32.63888888888889	23.61111111111111	15.277777777777779	28.47222222222222	0.0
46.0	30.555555555555557	18.75	17.36111111111111	33.33333333333333	0.0
47.0	23.61111111111111	22.22222222222222	26.38888888888889	27.77777777777778	0.0
48.0	29.86111111111111	20.13888888888889	18.75	31.25	0.0
49.0	30.555555555555557	18.055555555555554	23.61111111111111	27.77777777777778	0.0
50.0	26.38888888888889	25.694444444444443	19.444444444444446	25.694444444444443	2.7777777777777777
51.0	25.174825174825177	24.475524475524477	20.27972027972028	30.069930069930066	0.0
52.0	31.46853146853147	14.685314685314685	20.27972027972028	33.56643356643357	0.0
53.0	32.16783216783217	17.482517482517483	19.58041958041958	30.76923076923077	0.0
54.0	34.96503496503497	19.58041958041958	20.97902097902098	24.475524475524477	0.0
55.0	31.914893617021278	18.439716312056735	17.02127659574468	32.62411347517731	0.0
56.0	31.20567375886525	21.27659574468085	26.24113475177305	21.27659574468085	0.0
57.0	26.95035460992908	21.98581560283688	19.148936170212767	31.914893617021278	0.0
58.0	24.822695035460992	23.404255319148938	18.439716312056735	33.33333333333333	0.0
59.0	29.078014184397162	21.27659574468085	23.404255319148938	26.24113475177305	0.0
60.0	23.404255319148938	23.404255319148938	13.47517730496454	39.71631205673759	0.0
61.0	27.659574468085108	27.659574468085108	17.02127659574468	27.659574468085108	0.0
62.0	25.53191489361702	19.148936170212767	24.822695035460992	30.49645390070922	0.0
63.0	29.078014184397162	24.113475177304963	19.148936170212767	27.659574468085108	0.0
64.0	34.751773049645394	22.69503546099291	15.602836879432624	26.95035460992908	0.0
65.0	24.822695035460992	15.602836879432624	20.56737588652482	39.00709219858156	0.0
66.0	24.822695035460992	21.27659574468085	24.113475177304963	29.78723404255319	0.0
67.0	35.46099290780142	17.73049645390071	19.858156028368796	26.95035460992908	0.0
68.0	31.914893617021278	17.02127659574468	21.27659574468085	29.78723404255319	0.0
69.0	24.822695035460992	19.148936170212767	21.98581560283688	34.04255319148936	0.0
70.0	24.637681159420293	19.565217391304348	20.28985507246377	35.507246376811594	0.0
71.0	25.36231884057971	21.73913043478261	25.36231884057971	27.536231884057973	0.0
72.0	28.985507246376812	23.18840579710145	19.565217391304348	28.26086956521739	0.0
73.0	31.88405797101449	21.014492753623188	23.91304347826087	23.18840579710145	0.0
74.0	31.15942028985507	21.73913043478261	18.115942028985508	28.985507246376812	0.0
75.0	23.91304347826087	19.565217391304348	25.36231884057971	31.15942028985507	0.0
76.0	35.507246376811594	16.666666666666664	21.014492753623188	26.811594202898554	0.0
77.0	21.014492753623188	22.463768115942027	25.36231884057971	31.15942028985507	0.0
78.0	33.33333333333333	21.014492753623188	23.18840579710145	22.463768115942027	0.0
79.0	28.05755395683453	19.424460431654676	20.14388489208633	32.37410071942446	0.0
80.0	35.97122302158273	18.705035971223023	20.14388489208633	25.179856115107913	0.0
81.0	34.53237410071942	14.388489208633093	21.58273381294964	29.496402877697843	0.0
82.0	31.654676258992804	14.388489208633093	20.863309352517987	33.093525179856115	0.0
83.0	23.021582733812952	25.179856115107913	20.863309352517987	30.935251798561154	0.0
84.0	30.215827338129497	17.26618705035971	21.58273381294964	30.935251798561154	0.0
85.0	27.33812949640288	16.546762589928058	22.302158273381295	33.81294964028777	0.0
86.0	29.496402877697843	23.021582733812952	17.26618705035971	30.215827338129497	0.0
87.0	25.899280575539567	23.741007194244602	20.14388489208633	30.215827338129497	0.0
88.0	33.81294964028777	23.741007194244602	12.23021582733813	30.215827338129497	0.0
89.0	22.302158273381295	20.863309352517987	21.58273381294964	35.25179856115108	0.0
90.0	25.179856115107913	18.705035971223023	21.58273381294964	34.53237410071942	0.0
91.0	24.46043165467626	24.46043165467626	22.302158273381295	28.776978417266186	0.0
92.0	30.434782608695656	18.84057971014493	17.391304347826086	33.33333333333333	0.0
93.0	29.71014492753623	16.666666666666664	21.73913043478261	31.88405797101449	0.0
94.0	24.637681159420293	25.36231884057971	21.014492753623188	28.985507246376812	0.0
95.0	26.08695652173913	27.536231884057973	19.565217391304348	26.811594202898554	0.0
96.0	26.08695652173913	20.28985507246377	17.391304347826086	36.231884057971016	0.0
97.0	25.36231884057971	24.637681159420293	24.637681159420293	25.36231884057971	0.0
98.0	30.434782608695656	23.91304347826087	19.565217391304348	26.08695652173913	0.0
99.0	28.26086956521739	18.115942028985508	21.014492753623188	32.608695652173914	0.0
100.0	23.91304347826087	26.08695652173913	18.115942028985508	31.88405797101449	0.0
