# Position (bp)	A	C	G	T	N
0.0	31.572838073128263	20.313406848520025	13.75507835171213	34.35867672663958	0.0
1.0	32.84968078932095	17.46952988972722	17.99187463726059	31.688914683691237	0.0
2.0	27.86790266512167	19.061413673232906	19.756662804171494	33.31402085747393	0.0
3.0	29.803240740740737	20.891203703703702	16.84027777777778	32.407407407407405	0.057870370370370364
4.0	29.67032967032967	20.18507807981492	16.599190283400812	33.5454019664546	0.0
5.0	28.39791787160208	20.589936379410066	17.466743782533257	33.5454019664546	0.0
6.0	30.075187969924812	17.466743782533257	18.681318681318682	33.77674956622325	0.0
7.0	29.520508376660892	19.29520508376661	15.424610051993067	35.75967648757943	0.0
8.0	29.757785467128027	17.762399077277973	18.627450980392158	33.852364475201846	0.0
9.0	31.141868512110726	18.800461361014996	16.089965397923876	33.9677047289504	0.0
10.0	31.00864553314121	18.73198847262248	19.2507204610951	31.00864553314121	0.0
11.0	28.612550374208407	20.6678180771445	18.307426597582037	32.41220495106506	0.0
12.0	30.09205983889528	18.814729574223247	17.14614499424626	33.94706559263521	0.0
13.0	30.64979873490512	19.091431857389303	18.97642323174238	31.282346175963198	0.0
14.0	30.632183908045977	19.137931034482758	17.93103448275862	32.298850574712645	0.0
15.0	29.121194715680645	19.816197587593336	18.093049971280873	32.96955772544515	0.0
16.0	27.898966704936857	20.32146957520092	17.451205510907002	34.32835820895522	0.0
17.0	30.808950086058516	20.02294893861159	18.53126792885829	30.6368330464716	0.0
18.0	28.48137535816619	18.39541547277937	18.22349570200573	34.89971346704871	0.0
19.0	30.412371134020617	19.988545246277205	16.95303550973654	32.64604810996563	0.0
20.0	29.8225529479107	19.748139668002292	17.74470520892959	32.684602175157416	0.0
21.0	32.28391528334287	18.66056096164854	18.317115054378935	30.73840870062965	0.0
22.0	28.849456210646824	18.145392100744132	19.17572982255295	33.829421866056094	0.0
23.0	28.702115494568325	19.039451114922812	19.439679817038307	32.81875357347055	0.0
24.0	31.257142857142856	18.857142857142858	18.45714285714286	31.428571428571427	0.0
25.0	28.81646655231561	18.867924528301888	18.010291595197256	34.305317324185246	0.0
26.0	29.542857142857144	19.657142857142855	17.37142857142857	33.42857142857143	0.0
27.0	30.47455688965123	19.039451114922812	18.010291595197256	32.4757004002287	0.0
28.0	29.347826086956523	20.022883295194507	17.620137299771166	33.00915331807781	0.0
29.0	29.70807097882083	19.576416714367486	18.145392100744132	32.57012020606754	0.0
30.0	28.54691075514874	19.164759725400458	18.59267734553776	33.69565217391305	0.0
31.0	29.061784897025174	18.478260869565215	18.53546910755149	33.92448512585812	0.0
32.0	31.75328383780697	18.903483723586522	18.96059394631639	30.38263849229012	0.0
33.0	30.0	19.77142857142857	19.371428571428574	30.857142857142854	0.0
34.0	29.908675799086758	21.461187214611872	16.78082191780822	31.84931506849315	0.0
35.0	30.553969160479728	19.07481439177613	18.389491719017702	31.98172472872644	0.0
36.0	29.331046312178387	20.411663807890225	18.582046883933675	31.675242995997717	0.0
37.0	31.20365088419852	20.53622361665716	16.371933827723904	31.888191671420422	0.0
38.0	30.52391799544419	18.96355353075171	18.906605922551254	31.605922551252846	0.0
39.0	30.615735461801595	19.61231470923603	18.30102622576967	31.470923603192702	0.0
40.0	31.45299145299145	18.632478632478634	18.005698005698008	31.908831908831907	0.0
41.0	30.979498861047837	19.58997722095672	17.710706150341686	31.71981776765376	0.0
42.0	30.125284738041003	21.241457858769934	16.40091116173121	32.23234624145786	0.0
43.0	29.157175398633257	20.8997722095672	18.678815489749432	31.264236902050115	0.0
44.0	30.449630051223675	18.554354012521344	18.782014797951053	32.21400113830393	0.0
45.0	29.197495731360274	21.34319863403529	17.188389299943086	32.27091633466135	0.0
46.0	29.66970387243736	18.052391799544417	18.394077448747154	33.88382687927107	0.0
47.0	30.546075085324233	18.31626848691695	19.56769055745165	31.569965870307165	0.0
48.0	30.30130756111427	20.238772029562252	16.71404206935759	32.74587833996589	0.0
49.0	31.21091529277999	17.907902217168843	18.305855599772595	32.57532689027857	0.0
50.0	29.43181818181818	19.204545454545453	18.75	32.61363636363636	0.0
51.0	29.18796138557638	19.591141396933562	18.5122089721749	32.70868824531516	0.0
52.0	28.984685195689163	20.19285309132161	18.03743618831537	32.78502552467385	0.0
53.0	27.169597277368123	19.909245604083946	19.852524106636416	33.068633011911515	0.0
54.0	28.628117913832202	19.217687074829932	19.047619047619047	33.10657596371882	0.0
55.0	30.102040816326532	19.33106575963719	19.104308390022677	31.462585034013607	0.0
56.0	28.595696489241224	19.648924122310305	17.610419026047566	34.14496036240091	0.0
57.0	28.158640226628894	20.679886685552407	18.810198300283286	32.35127478753541	0.0
58.0	30.498866213151928	18.99092970521542	18.70748299319728	31.802721088435376	0.0
59.0	30.96993760635281	19.909245604083946	17.75382870107771	31.366988088485538	0.0
60.0	32.19954648526077	18.197278911564627	17.743764172335602	31.859410430839002	0.0
61.0	28.66061293984109	19.069239500567537	20.090805902383654	32.179341657207715	0.0
62.0	30.437251561612722	19.136854060193073	17.660420215786484	32.76547416240772	0.0
63.0	30.153321976149915	19.591141396933562	17.603634298693922	32.6519023282226	0.0
64.0	30.983513359863558	16.941444002274018	19.15861284820921	32.916429789653215	0.0
65.0	30.869812393405343	18.98806139852189	17.055144968732233	33.08698123934054	0.0
66.0	30.415008527572486	19.21546333143832	17.964752700397955	32.404775440591244	0.0
67.0	28.815489749430522	19.30523917995444	18.56492027334852	33.31435079726651	0.0
68.0	29.629629629629626	19.25925925925926	19.08831908831909	32.022792022792025	0.0
69.0	29.994308480364257	18.554354012521344	18.952760387023336	32.49857712009106	0.0
70.0	30.471859010801595	20.864127345082434	19.044911881750995	29.61910176236498	0.0
71.0	31.058020477815703	19.965870307167236	17.918088737201366	31.058020477815703	0.0
72.0	30.79112122936824	19.692657939669893	19.12350597609562	30.39271485486625	0.0
73.0	30.887372013651877	19.169510807736064	18.088737201365188	31.85437997724687	0.0
74.0	30.5065452475811	18.155947638019352	19.351166761525327	31.986340352874215	0.0
75.0	32.19178082191781	17.751141552511417	19.863013698630137	30.19406392694064	0.0
76.0	32.686822589845974	18.824871648602397	17.56988020536224	30.918425556189387	0.0
77.0	30.30821917808219	18.32191780821918	19.63470319634703	31.7351598173516	0.0
78.0	27.796803652968038	20.54794520547945	19.63470319634703	32.02054794520548	0.0
79.0	30.878995433789953	19.292237442922374	17.35159817351598	32.47716894977169	0.0
80.0	30.571428571428573	19.142857142857142	19.142857142857142	31.142857142857146	0.0
81.0	31.82857142857143	19.6	18.914285714285715	29.65714285714286	0.0
82.0	29.085714285714285	20.114285714285714	19.77142857142857	31.02857142857143	0.0
83.0	30.830945558739252	20.0	17.822349570200576	31.346704871060172	0.0
84.0	30.120481927710845	18.588640275387263	20.02294893861159	31.267928858290304	0.0
85.0	30.442274554853533	19.58644457208501	19.299253302699597	30.67202757036186	0.0
86.0	30.47728579643473	20.58654399079931	17.94134560092007	30.99482461184589	0.0
87.0	31.588032220943614	18.58457997698504	18.9873417721519	30.84004602991945	0.0
88.0	32.85302593659942	19.88472622478386	17.46397694524496	29.798270893371757	0.0
89.0	30.271519352975158	20.21952628538417	18.775274407856728	30.733679953783938	0.0
90.0	28.439306358381504	19.942196531791907	18.84393063583815	32.774566473988436	0.0
91.0	28.439306358381504	21.040462427745666	17.167630057803468	33.35260115606937	0.0
92.0	28.125	20.08101851851852	17.12962962962963	34.664351851851855	0.0
93.0	28.000000000000004	19.82608695652174	18.434782608695652	33.73913043478261	0.0
94.0	31.300813008130078	18.641114982578397	18.35075493612079	31.70731707317073	0.0
95.0	32.248692620569436	18.9424753050552	18.65194654270773	30.156885531667637	0.0
96.0	28.54651162790698	20.988372093023255	17.732558139534884	32.73255813953489	0.0
97.0	31.391962725684337	18.229470005824112	20.034944670937683	30.34362259755387	0.0
98.0	30.455075845974328	20.070011668611436	17.561260210035005	31.913652275379228	0.0
99.0	31.64039696438996	19.439579684763572	16.87098657326328	31.873905429071804	0.17513134851138354
100.0	29.713952130764742	19.20607122008173	19.322825452422652	31.290134267367193	0.46701692936368944
