# Position (bp)	A	C	G	T	N
0.0	30.900723208415513	19.92110453648915	13.872452333990795	35.30571992110454	0.0
1.0	33.13609467455622	17.75147928994083	17.817225509533202	31.295200525969758	0.0
2.0	31.163708086785007	19.723865877712033	16.699539776462853	32.41288625904011	0.0
3.0	28.018372703412076	19.291338582677163	18.37270341207349	34.31758530183727	0.0
4.0	29.954218443427077	19.162851536952257	17.985611510791365	32.8973185088293	0.0
5.0	28.98172323759791	19.125326370757183	19.51697127937337	32.375979112271544	0.0
6.0	31.963470319634702	20.026092628832355	16.373124592302673	31.637312459230266	0.0
7.0	30.267449445531636	18.72146118721461	18.2648401826484	32.74624918460535	0.0
8.0	28.226857887874836	20.33898305084746	18.578878748370272	32.85528031290743	0.0
9.0	30.704041720990872	17.535853976531943	18.122555410691003	33.63754889178618	0.0
10.0	29.465449804432854	19.491525423728813	18.1877444589309	32.85528031290743	0.0
11.0	30.4885993485342	19.73941368078176	17.133550488599347	32.63843648208469	0.0
12.0	30.533854166666668	19.53125	17.3828125	32.55208333333333	0.0
13.0	30.078125	17.96875	18.489583333333336	33.46354166666667	0.0
14.0	29.843953185955783	19.375812743823147	16.38491547464239	34.39531859557867	0.0
15.0	29.759584145549056	18.778427550357375	16.63417803768681	34.82781026640676	0.0
16.0	28.914879792072774	18.84340480831709	16.95906432748538	35.28265107212476	0.0
17.0	30.240103828682674	17.585983127839068	18.883841661258923	33.29007138221934	0.0
18.0	31.821127673363574	18.14646791963707	17.887232663642255	32.145171743357096	0.0
19.0	28.552887735236858	18.234912394548992	18.234912394548992	34.97728747566515	0.0
20.0	28.552887735236858	19.857235561323815	18.689162881245945	32.90071382219338	0.0
21.0	29.636835278858626	19.64980544747082	18.417639429312583	32.295719844357976	0.0
22.0	29.331602855288775	17.975340687865025	20.116807268007786	32.57624918883842	0.0
23.0	30.35019455252918	18.67704280155642	17.963683527885863	33.00907911802853	0.0
24.0	30.634715025906733	17.422279792746114	17.875647668393782	34.067357512953365	0.0
25.0	30.33052495139339	17.627997407647438	19.96111471160078	32.080362929358394	0.0
26.0	28.191834089436163	18.859364873622813	18.988982501620217	33.9598185353208	0.0
27.0	29.034348671419313	19.248217757615034	19.44264419961115	32.27478937135451	0.0
28.0	30.699481865284973	19.94818652849741	17.55181347150259	31.800518134715027	0.0
29.0	30.33052495139339	18.859364873622813	18.535320803629293	32.27478937135451	0.0
30.0	29.423201555411538	18.6649384316267	18.79455605962411	33.117303953337654	0.0
31.0	30.045425048669692	19.27319922128488	18.299805321219985	32.38157040882544	0.0
32.0	30.92917478882391	19.623131903833656	18.323586744639375	31.12410656270305	0.0
33.0	29.564652371669915	20.14294996751137	17.543859649122805	32.748538011695906	0.0
34.0	29.14507772020725	20.919689119170982	18.588082901554404	31.34715025906736	0.0
35.0	31.387808041504538	19.13099870298314	16.990920881971466	32.490272373540854	0.0
36.0	30.265716137394687	19.96111471160078	17.692806221646144	32.080362929358394	0.0
37.0	31.21761658031088	17.681347150259068	16.83937823834197	34.26165803108808	0.0
38.0	29.533678756476682	19.49481865284974	16.968911917098445	34.00259067357513	0.0
39.0	31.023316062176164	19.170984455958546	16.645077720207254	33.160621761658035	0.0
40.0	27.090084251458197	20.868438107582634	17.887232663642255	34.154244977316914	0.0
41.0	30.375647668393785	19.94818652849741	16.645077720207254	33.031088082901555	0.0
42.0	27.349319507453014	19.766688269604664	19.63707064160726	33.24692158133506	0.0
43.0	29.015544041450774	19.818652849740932	18.78238341968912	32.38341968911917	0.0
44.0	29.533678756476682	21.502590673575128	16.968911917098445	31.994818652849744	0.0
45.0	27.878395860284606	18.046571798188875	18.693402328589908	35.38163001293661	0.0
46.0	30.620155038759687	19.25064599483204	19.444444444444446	30.684754521963825	0.0
47.0	29.15319974143504	20.87912087912088	18.228829993535875	31.738849385908207	0.0
48.0	30.11658031088083	19.106217616580313	18.911917098445596	31.865284974093267	0.0
49.0	29.442282749675748	20.557717250324252	17.704280155642024	32.295719844357976	0.0
50.0	30.220492866407263	19.06614785992218	17.120622568093385	33.59273670557717	0.0
51.0	30.953926022063595	19.857235561323815	14.795587280986371	34.393251135626215	0.0
52.0	31.408176508760544	18.689162881245945	18.234912394548992	31.66774821544452	0.0
53.0	29.377431906614788	19.39040207522698	18.67704280155642	32.555123216601814	0.0
54.0	28.599221789883266	19.5201037613489	18.8715953307393	33.00907911802853	0.0
55.0	28.71994801819363	19.623131903833656	19.753086419753085	31.90383365821962	0.0
56.0	30.318802862719586	18.0871828236825	19.51854261548471	32.075471698113205	0.0
57.0	30.383864671437866	18.99804814573845	19.1932335718933	31.42485361093038	0.0
58.0	29.296875	18.098958333333336	19.856770833333336	32.74739583333333	0.0
59.0	29.70684039087948	19.86970684039088	17.39413680781759	33.02931596091205	0.0
60.0	29.876060013046313	20.352250489236788	19.047619047619047	30.724070450097845	0.0
61.0	28.98172323759791	20.56135770234987	17.362924281984334	33.09399477806789	0.0
62.0	29.876060013046313	19.43900848010437	20.743639921722114	29.9412915851272	0.0
63.0	31.209362808842656	18.14044213263979	17.88036410923277	32.76983094928478	0.0
64.0	27.781392322706573	17.957059206245933	19.45348080676643	34.80806766428107	0.0
65.0	32.79115159401431	18.542615484710474	17.176317501626546	31.489915419648668	0.0
66.0	30.4885993485342	18.631921824104232	18.371335504885995	32.50814332247557	0.0
67.0	30.078125	22.135416666666664	18.033854166666664	29.752604166666668	0.0
68.0	29.231770833333332	19.7265625	18.619791666666664	32.421875	0.0
69.0	30.143229166666668	19.3359375	18.619791666666664	31.901041666666668	0.0
70.0	29.05537459283388	19.283387622149835	18.762214983713356	32.89902280130293	0.0
71.0	31.901041666666668	19.075520833333336	17.96875	31.0546875	0.0
72.0	30.774235523747564	20.104098893949253	18.41249186727391	30.709173715029277	0.0
73.0	32.55208333333333	19.010416666666664	18.815104166666664	29.622395833333332	0.0
74.0	31.877444589308997	18.513689700130378	19.230769230769234	30.378096479791395	0.0
75.0	31.05022831050228	20.54794520547945	18.395303326810176	30.006523157208086	0.0
76.0	31.005221932114885	19.06005221932115	17.75456919060052	32.18015665796345	0.0
77.0	29.419439008480104	19.43900848010437	17.873450750163077	33.268101761252446	0.0
78.0	31.070496083550914	19.386422976501304	18.14621409921671	31.396866840731068	0.0
79.0	32.702349869451695	16.64490861618799	18.080939947780678	32.57180156657963	0.0
80.0	33.13725490196078	18.562091503267975	17.908496732026144	30.392156862745097	0.0
81.0	30.82952318745918	20.705421293272373	18.28870019595036	30.176355323318095	0.0
82.0	29.719137818419334	20.052253429131287	18.6152841280209	31.61332462442848	0.0
83.0	31.895424836601304	19.607843137254903	18.03921568627451	30.45751633986928	0.0
84.0	31.348167539267013	19.240837696335078	18.913612565445025	30.497382198952877	0.0
85.0	32.61296660117878	18.07465618860511	20.301244269810084	29.011132940406025	0.0
86.0	30.97576948264571	18.79502292075966	18.664047151277014	31.565160445317613	0.0
87.0	32.634338138925294	19.724770642201836	16.90694626474443	30.73394495412844	0.0
88.0	29.80958634274458	18.384766907419568	20.223243598161524	31.582403151674328	0.0
89.0	30.309007232084156	20.315581854043394	18.73767258382643	30.637738330046023	0.0
90.0	31.973684210526315	18.092105263157894	18.026315789473685	31.907894736842106	0.0
91.0	29.75641869651086	19.289005924950626	19.552337063857802	31.40223831468071	0.0
92.0	30.454845088991426	19.51219512195122	18.852999340804217	31.17996044825313	0.0
93.0	29.287598944591032	19.986807387862797	18.20580474934037	32.519788918205805	0.0
94.0	30.469266358228687	19.365499008592202	18.043621943159284	32.12161269001983	0.0
95.0	30.403172504957038	18.506278916060808	19.497686715135494	31.59286186384666	0.0
96.0	29.602649006622517	18.47682119205298	19.933774834437088	31.986754966887414	0.0
97.0	30.50397877984085	19.29708222811671	17.50663129973475	32.69230769230769	0.0
98.0	29.72793629727936	19.907100199071	17.58460517584605	32.78035832780358	0.0
99.0	30.564784053156146	19.601328903654487	18.33887043189369	31.36212624584718	0.132890365448505
100.0	30.697674418604652	18.13953488372093	18.6046511627907	32.22591362126246	0.33222591362126247
