# Position (bp)	A	C	G	T	N
0.0	31.60919540229885	24.137931034482758	13.218390804597702	31.03448275862069	0.0
1.0	34.48275862068966	21.839080459770116	17.24137931034483	26.436781609195403	0.0
2.0	27.586206896551722	20.689655172413794	22.413793103448278	29.310344827586203	0.0
3.0	28.000000000000004	18.857142857142858	18.285714285714285	34.85714285714286	0.0
4.0	30.28571428571429	20.57142857142857	18.285714285714285	30.857142857142854	0.0
5.0	36.93181818181818	16.477272727272727	16.477272727272727	30.113636363636363	0.0
6.0	27.683615819209038	16.94915254237288	22.598870056497177	32.7683615819209	0.0
7.0	34.463276836158194	16.94915254237288	18.07909604519774	30.508474576271187	0.0
8.0	30.508474576271187	17.51412429378531	15.819209039548024	36.15819209039548	0.0
9.0	31.07344632768362	20.903954802259886	19.2090395480226	28.8135593220339	0.0
10.0	30.508474576271187	16.38418079096045	18.07909604519774	35.02824858757062	0.0
11.0	31.63841807909605	18.07909604519774	18.07909604519774	32.20338983050847	0.0
12.0	25.98870056497175	14.124293785310735	20.33898305084746	39.548022598870055	0.0
13.0	23.728813559322035	24.293785310734464	22.033898305084744	29.943502824858758	0.0
14.0	27.11864406779661	21.468926553672315	20.903954802259886	30.508474576271187	0.0
15.0	23.728813559322035	23.728813559322035	15.254237288135593	37.28813559322034	0.0
16.0	35.59322033898305	16.38418079096045	20.33898305084746	27.683615819209038	0.0
17.0	30.508474576271187	17.51412429378531	19.2090395480226	32.7683615819209	0.0
18.0	25.98870056497175	15.819209039548024	25.98870056497175	32.20338983050847	0.0
19.0	31.63841807909605	20.33898305084746	15.819209039548024	32.20338983050847	0.0
20.0	29.943502824858758	20.903954802259886	20.903954802259886	28.24858757062147	0.0
21.0	30.508474576271187	22.598870056497177	14.124293785310735	32.7683615819209	0.0
22.0	32.20338983050847	11.864406779661017	20.33898305084746	35.59322033898305	0.0
23.0	29.37853107344633	17.51412429378531	22.033898305084744	31.07344632768362	0.0
24.0	32.7683615819209	20.33898305084746	20.903954802259886	25.98870056497175	0.0
25.0	30.508474576271187	18.07909604519774	17.51412429378531	33.89830508474576	0.0
26.0	38.983050847457626	18.64406779661017	14.124293785310735	28.24858757062147	0.0
27.0	27.11864406779661	24.293785310734464	16.94915254237288	31.63841807909605	0.0
28.0	26.285714285714285	19.428571428571427	18.857142857142858	35.42857142857142	0.0
29.0	29.714285714285715	20.0	10.285714285714285	40.0	0.0
30.0	30.857142857142854	17.71428571428571	24.0	27.42857142857143	0.0
31.0	37.5	22.727272727272727	16.477272727272727	23.295454545454543	0.0
32.0	32.95454545454545	17.045454545454543	20.454545454545457	29.545454545454547	0.0
33.0	27.27272727272727	16.477272727272727	18.181818181818183	38.06818181818182	0.0
34.0	32.0	24.0	13.142857142857142	30.857142857142854	0.0
35.0	28.000000000000004	25.71428571428571	19.428571428571427	26.857142857142858	0.0
36.0	26.857142857142858	20.0	17.71428571428571	35.42857142857142	0.0
37.0	31.03448275862069	16.666666666666664	21.839080459770116	30.45977011494253	0.0
38.0	28.160919540229884	20.114942528735632	20.114942528735632	31.60919540229885	0.0
39.0	28.735632183908045	19.54022988505747	18.39080459770115	33.33333333333333	0.0
40.0	31.03448275862069	18.96551724137931	21.26436781609195	28.735632183908045	0.0
41.0	33.33333333333333	16.091954022988507	20.689655172413794	29.88505747126437	0.0
42.0	29.88505747126437	22.988505747126435	21.839080459770116	25.287356321839084	0.0
43.0	32.18390804597701	19.54022988505747	18.39080459770115	29.88505747126437	0.0
44.0	35.05747126436782	20.114942528735632	20.114942528735632	24.71264367816092	0.0
45.0	29.88505747126437	22.988505747126435	21.839080459770116	25.287356321839084	0.0
46.0	32.758620689655174	18.39080459770115	17.81609195402299	31.03448275862069	0.0
47.0	32.758620689655174	20.114942528735632	19.54022988505747	27.586206896551722	0.0
48.0	29.310344827586203	21.26436781609195	18.96551724137931	30.45977011494253	0.0
49.0	28.735632183908045	18.39080459770115	19.54022988505747	33.33333333333333	0.0
50.0	29.310344827586203	22.413793103448278	24.137931034482758	24.137931034482758	0.0
51.0	30.45977011494253	16.091954022988507	17.24137931034483	36.206896551724135	0.0
52.0	25.142857142857146	21.714285714285715	24.571428571428573	28.57142857142857	0.0
53.0	25.142857142857146	24.571428571428573	16.57142857142857	33.714285714285715	0.0
54.0	35.05747126436782	19.54022988505747	17.81609195402299	27.586206896551722	0.0
55.0	31.60919540229885	20.689655172413794	22.413793103448278	25.287356321839084	0.0
56.0	25.287356321839084	18.39080459770115	23.563218390804597	32.758620689655174	0.0
57.0	29.310344827586203	22.413793103448278	20.114942528735632	28.160919540229884	0.0
58.0	37.93103448275862	21.839080459770116	13.218390804597702	27.011494252873565	0.0
59.0	29.310344827586203	24.137931034482758	17.81609195402299	28.735632183908045	0.0
60.0	34.48275862068966	15.517241379310345	15.517241379310345	34.48275862068966	0.0
61.0	31.60919540229885	21.839080459770116	19.54022988505747	27.011494252873565	0.0
62.0	25.287356321839084	23.563218390804597	21.26436781609195	29.88505747126437	0.0
63.0	27.586206896551722	21.26436781609195	21.26436781609195	29.88505747126437	0.0
64.0	33.90804597701149	17.24137931034483	18.39080459770115	30.45977011494253	0.0
65.0	29.88505747126437	16.666666666666664	22.413793103448278	31.03448275862069	0.0
66.0	28.160919540229884	23.563218390804597	18.96551724137931	29.310344827586203	0.0
67.0	30.45977011494253	18.39080459770115	17.24137931034483	33.90804597701149	0.0
68.0	30.45977011494253	17.24137931034483	22.413793103448278	29.88505747126437	0.0
69.0	29.310344827586203	27.011494252873565	18.96551724137931	24.71264367816092	0.0
70.0	25.43352601156069	26.011560693641616	18.497109826589593	30.057803468208093	0.0
71.0	29.47976878612717	18.497109826589593	16.76300578034682	35.26011560693642	0.0
72.0	28.32369942196532	19.653179190751445	21.965317919075144	30.057803468208093	0.0
73.0	31.3953488372093	23.837209302325583	18.023255813953487	26.744186046511626	0.0
74.0	29.069767441860467	16.86046511627907	22.093023255813954	31.976744186046513	0.0
75.0	29.069767441860467	20.930232558139537	22.093023255813954	27.906976744186046	0.0
76.0	34.883720930232556	24.418604651162788	14.534883720930234	26.16279069767442	0.0
77.0	36.627906976744185	19.767441860465116	16.86046511627907	26.744186046511626	0.0
78.0	33.72093023255814	21.511627906976745	18.6046511627907	26.16279069767442	0.0
79.0	36.04651162790697	17.441860465116278	22.674418604651162	23.837209302325583	0.0
80.0	25.581395348837212	17.441860465116278	23.837209302325583	33.13953488372093	0.0
81.0	27.325581395348834	23.837209302325583	22.674418604651162	26.16279069767442	0.0
82.0	31.976744186046513	21.511627906976745	18.023255813953487	28.488372093023255	0.0
83.0	29.069767441860467	18.6046511627907	23.25581395348837	29.069767441860467	0.0
84.0	25.581395348837212	19.186046511627907	21.511627906976745	33.72093023255814	0.0
85.0	22.807017543859647	20.46783625730994	24.561403508771928	32.16374269005848	0.0
86.0	26.900584795321635	22.807017543859647	23.391812865497073	26.900584795321635	0.0
87.0	31.57894736842105	14.035087719298245	22.22222222222222	32.16374269005848	0.0
88.0	30.409356725146196	20.46783625730994	24.561403508771928	24.561403508771928	0.0
89.0	32.16374269005848	16.95906432748538	19.883040935672515	30.994152046783626	0.0
90.0	31.57894736842105	15.204678362573098	27.485380116959064	25.730994152046783	0.0
91.0	33.91812865497076	23.391812865497073	12.280701754385964	30.409356725146196	0.0
92.0	26.900584795321635	20.46783625730994	20.46783625730994	32.16374269005848	0.0
93.0	27.485380116959064	19.298245614035086	17.543859649122805	35.67251461988304	0.0
94.0	31.57894736842105	18.128654970760234	20.46783625730994	29.82456140350877	0.0
95.0	29.239766081871345	23.391812865497073	12.865497076023392	34.50292397660819	0.0
96.0	28.07017543859649	14.619883040935672	22.22222222222222	35.08771929824561	0.0
97.0	29.411764705882355	19.411764705882355	25.294117647058822	25.882352941176475	0.0
98.0	34.11764705882353	23.52941176470588	16.470588235294116	25.882352941176475	0.0
99.0	24.11764705882353	21.764705882352942	20.0	34.11764705882353	0.0
100.0	28.823529411764703	19.411764705882355	22.35294117647059	29.411764705882355	0.0
