# Position (bp)	A	C	G	T	N
0.0	30.555555555555557	25.0	9.444444444444445	35.0	0.0
1.0	32.22222222222222	20.0	21.11111111111111	26.666666666666668	0.0
2.0	30.939226519337016	20.441988950276244	14.3646408839779	34.25414364640884	0.0
3.0	30.21978021978022	15.384615384615385	25.82417582417583	28.57142857142857	0.0
4.0	28.57142857142857	20.32967032967033	15.934065934065933	35.16483516483517	0.0
5.0	31.868131868131865	16.483516483516482	21.428571428571427	30.21978021978022	0.0
6.0	30.76923076923077	21.428571428571427	13.736263736263737	34.065934065934066	0.0
7.0	28.021978021978022	19.78021978021978	21.428571428571427	30.76923076923077	0.0
8.0	31.318681318681318	18.681318681318682	15.384615384615385	34.61538461538461	0.0
9.0	28.021978021978022	20.87912087912088	18.681318681318682	32.417582417582416	0.0
10.0	32.240437158469945	20.76502732240437	18.0327868852459	28.96174863387978	0.0
11.0	33.87978142076503	20.21857923497268	15.300546448087433	30.601092896174865	0.0
12.0	38.79781420765027	18.0327868852459	19.12568306010929	24.043715846994534	0.0
13.0	33.87978142076503	19.672131147540984	16.39344262295082	30.05464480874317	0.0
14.0	33.87978142076503	20.21857923497268	15.300546448087433	30.601092896174865	0.0
15.0	31.147540983606557	25.683060109289617	13.114754098360656	30.05464480874317	0.0
16.0	32.240437158469945	20.21857923497268	20.76502732240437	26.775956284153008	0.0
17.0	26.229508196721312	21.85792349726776	22.950819672131146	28.96174863387978	0.0
18.0	23.91304347826087	22.82608695652174	20.652173913043477	32.608695652173914	0.0
19.0	28.804347826086957	14.673913043478262	23.369565217391305	33.15217391304348	0.0
20.0	27.956989247311824	15.053763440860216	21.50537634408602	35.483870967741936	0.0
21.0	33.33333333333333	23.655913978494624	11.827956989247312	31.182795698924732	0.0
22.0	32.795698924731184	19.892473118279568	19.892473118279568	27.419354838709676	0.0
23.0	31.182795698924732	23.118279569892472	18.817204301075268	26.881720430107524	0.0
24.0	35.483870967741936	17.20430107526882	18.817204301075268	28.49462365591398	0.0
25.0	31.182795698924732	13.978494623655912	19.892473118279568	34.946236559139784	0.0
26.0	39.037433155080215	12.299465240641712	21.390374331550802	27.27272727272727	0.0
27.0	31.382978723404253	22.340425531914892	21.27659574468085	25.0	0.0
28.0	34.75935828877005	17.647058823529413	12.299465240641712	35.294117647058826	0.0
29.0	29.946524064171122	19.25133689839572	21.92513368983957	28.87700534759358	0.0
30.0	39.57219251336899	19.786096256684495	15.508021390374333	25.13368983957219	0.0
31.0	29.78723404255319	18.617021276595743	18.617021276595743	32.97872340425532	0.0
32.0	28.723404255319153	18.617021276595743	23.404255319148938	29.25531914893617	0.0
33.0	23.404255319148938	19.148936170212767	21.808510638297875	35.638297872340424	0.0
34.0	25.53191489361702	23.93617021276596	20.212765957446805	30.319148936170215	0.0
35.0	26.737967914438503	20.32085561497326	22.459893048128343	30.481283422459892	0.0
36.0	31.182795698924732	26.881720430107524	19.35483870967742	22.58064516129032	0.0
37.0	32.62032085561498	18.71657754010695	17.647058823529413	31.016042780748666	0.0
38.0	26.737967914438503	18.181818181818183	26.203208556149733	28.87700534759358	0.0
39.0	38.50267379679144	19.786096256684495	17.647058823529413	24.06417112299465	0.0
40.0	34.22459893048128	16.577540106951872	16.577540106951872	32.62032085561498	0.0
41.0	28.87700534759358	20.32085561497326	21.92513368983957	28.87700534759358	0.0
42.0	29.411764705882355	19.786096256684495	22.994652406417114	27.807486631016044	0.0
43.0	32.62032085561498	19.25133689839572	19.786096256684495	28.342245989304814	0.0
44.0	34.22459893048128	14.973262032085561	19.786096256684495	31.016042780748666	0.0
45.0	28.342245989304814	17.11229946524064	19.25133689839572	35.294117647058826	0.0
46.0	31.016042780748666	14.973262032085561	22.459893048128343	31.550802139037433	0.0
47.0	28.342245989304814	24.598930481283425	17.11229946524064	29.946524064171122	0.0
48.0	35.82887700534759	16.577540106951872	18.71657754010695	28.87700534759358	0.0
49.0	28.342245989304814	18.71657754010695	21.390374331550802	31.550802139037433	0.0
50.0	28.342245989304814	22.994652406417114	16.577540106951872	32.0855614973262	0.0
51.0	31.016042780748666	19.25133689839572	20.32085561497326	29.411764705882355	0.0
52.0	24.193548387096776	20.43010752688172	24.193548387096776	31.182795698924732	0.0
53.0	28.49462365591398	24.193548387096776	19.892473118279568	27.419354838709676	0.0
54.0	30.64516129032258	22.043010752688172	13.440860215053762	33.87096774193548	0.0
55.0	33.87096774193548	20.43010752688172	18.817204301075268	26.881720430107524	0.0
56.0	31.891891891891895	17.2972972972973	17.2972972972973	33.513513513513516	0.0
57.0	31.351351351351354	14.054054054054054	17.2972972972973	37.2972972972973	0.0
58.0	29.18918918918919	15.135135135135137	21.62162162162162	34.054054054054056	0.0
59.0	25.543478260869566	19.565217391304348	22.282608695652172	32.608695652173914	0.0
60.0	30.978260869565215	23.91304347826087	19.021739130434785	26.08695652173913	0.0
61.0	30.978260869565215	21.73913043478261	18.478260869565215	28.804347826086957	0.0
62.0	29.891304347826086	21.195652173913043	18.478260869565215	30.434782608695656	0.0
63.0	28.804347826086957	19.565217391304348	17.934782608695652	33.69565217391305	0.0
64.0	32.417582417582416	19.78021978021978	18.681318681318682	29.120879120879124	0.0
65.0	26.923076923076923	21.428571428571427	16.483516483516482	35.16483516483517	0.0
66.0	33.87978142076503	16.939890710382514	20.21857923497268	28.96174863387978	0.0
67.0	28.415300546448087	17.48633879781421	22.404371584699454	31.693989071038253	0.0
68.0	30.601092896174865	16.939890710382514	25.683060109289617	26.775956284153008	0.0
69.0	27.86885245901639	17.48633879781421	23.497267759562842	31.147540983606557	0.0
70.0	25.683060109289617	22.950819672131146	20.76502732240437	30.601092896174865	0.0
71.0	25.136612021857925	22.950819672131146	17.48633879781421	34.42622950819672	0.0
72.0	33.87978142076503	20.76502732240437	21.311475409836063	24.043715846994534	0.0
73.0	31.318681318681318	17.032967032967033	22.52747252747253	29.120879120879124	0.0
74.0	23.076923076923077	22.52747252747253	22.52747252747253	31.868131868131865	0.0
75.0	28.415300546448087	17.48633879781421	21.85792349726776	32.240437158469945	0.0
76.0	28.415300546448087	16.39344262295082	19.12568306010929	36.0655737704918	0.0
77.0	29.508196721311474	19.12568306010929	19.672131147540984	31.693989071038253	0.0
78.0	28.96174863387978	19.672131147540984	19.672131147540984	31.693989071038253	0.0
79.0	27.86885245901639	19.672131147540984	26.229508196721312	26.229508196721312	0.0
80.0	30.601092896174865	21.85792349726776	20.21857923497268	27.322404371584703	0.0
81.0	30.05464480874317	21.311475409836063	18.0327868852459	30.601092896174865	0.0
82.0	31.693989071038253	20.21857923497268	24.59016393442623	23.497267759562842	0.0
83.0	27.86885245901639	18.579234972677597	20.21857923497268	33.33333333333333	0.0
84.0	25.136612021857925	28.415300546448087	18.579234972677597	27.86885245901639	0.0
85.0	28.415300546448087	18.0327868852459	21.311475409836063	32.240437158469945	0.0
86.0	31.693989071038253	21.311475409836063	19.12568306010929	27.86885245901639	0.0
87.0	32.78688524590164	20.21857923497268	16.39344262295082	30.601092896174865	0.0
88.0	32.78688524590164	22.404371584699454	19.672131147540984	25.136612021857925	0.0
89.0	31.693989071038253	18.0327868852459	24.043715846994534	26.229508196721312	0.0
90.0	32.240437158469945	18.0327868852459	22.404371584699454	27.322404371584703	0.0
91.0	27.322404371584703	24.59016393442623	21.85792349726776	26.229508196721312	0.0
92.0	33.87978142076503	24.043715846994534	18.579234972677597	23.497267759562842	0.0
93.0	30.601092896174865	19.672131147540984	16.939890710382514	32.78688524590164	0.0
94.0	28.96174863387978	19.672131147540984	18.579234972677597	32.78688524590164	0.0
95.0	27.86885245901639	21.311475409836063	19.672131147540984	31.147540983606557	0.0
96.0	25.136612021857925	20.76502732240437	20.76502732240437	33.33333333333333	0.0
97.0	31.693989071038253	23.497267759562842	19.672131147540984	25.136612021857925	0.0
98.0	31.693989071038253	15.300546448087433	19.12568306010929	33.87978142076503	0.0
99.0	24.59016393442623	14.754098360655737	32.78688524590164	27.86885245901639	0.0
100.0	31.147540983606557	17.48633879781421	19.12568306010929	32.240437158469945	0.0
