# Position (bp)	A	C	G	T	N
0.0	29.807692307692307	23.076923076923077	18.269230769230766	28.846153846153843	0.0
1.0	36.53846153846153	19.230769230769234	9.615384615384617	34.61538461538461	0.0
2.0	28.846153846153843	18.269230769230766	24.03846153846154	28.846153846153843	0.0
3.0	28.846153846153843	21.153846153846153	16.346153846153847	33.65384615384615	0.0
4.0	31.73076923076923	16.346153846153847	19.230769230769234	32.69230769230769	0.0
5.0	44.230769230769226	15.384615384615385	14.423076923076922	25.961538461538463	0.0
6.0	36.53846153846153	23.076923076923077	14.423076923076922	25.961538461538463	0.0
7.0	25.71428571428571	25.71428571428571	18.095238095238095	30.476190476190478	0.0
8.0	33.0188679245283	19.81132075471698	12.264150943396226	34.90566037735849	0.0
9.0	38.67924528301887	19.81132075471698	18.867924528301888	22.641509433962266	0.0
10.0	33.9622641509434	17.92452830188679	15.09433962264151	33.0188679245283	0.0
11.0	26.41509433962264	15.09433962264151	26.41509433962264	32.075471698113205	0.0
12.0	29.245283018867923	19.81132075471698	20.754716981132077	30.18867924528302	0.0
13.0	31.132075471698112	23.58490566037736	17.92452830188679	27.358490566037734	0.0
14.0	28.30188679245283	25.471698113207548	16.037735849056602	30.18867924528302	0.0
15.0	25.471698113207548	26.41509433962264	14.150943396226415	33.9622641509434	0.0
16.0	20.754716981132077	19.81132075471698	16.037735849056602	43.39622641509434	0.0
17.0	32.075471698113205	19.81132075471698	17.92452830188679	30.18867924528302	0.0
18.0	27.358490566037734	24.528301886792452	15.09433962264151	33.0188679245283	0.0
19.0	29.245283018867923	16.037735849056602	21.69811320754717	33.0188679245283	0.0
20.0	32.38095238095238	17.142857142857142	18.095238095238095	32.38095238095238	0.0
21.0	20.952380952380953	20.0	20.0	39.04761904761905	0.0
22.0	29.523809523809526	21.904761904761905	16.19047619047619	32.38095238095238	0.0
23.0	32.38095238095238	22.857142857142858	12.380952380952381	32.38095238095238	0.0
24.0	22.641509433962266	24.528301886792452	18.867924528301888	33.9622641509434	0.0
25.0	30.18867924528302	16.9811320754717	16.9811320754717	35.84905660377358	0.0
26.0	27.358490566037734	18.867924528301888	18.867924528301888	34.90566037735849	0.0
27.0	29.245283018867923	12.264150943396226	21.69811320754717	36.79245283018868	0.0
28.0	18.867924528301888	21.69811320754717	21.69811320754717	37.735849056603776	0.0
29.0	32.075471698113205	17.92452830188679	21.69811320754717	28.30188679245283	0.0
30.0	27.358490566037734	16.037735849056602	21.69811320754717	34.90566037735849	0.0
31.0	28.30188679245283	15.09433962264151	9.433962264150944	47.16981132075472	0.0
32.0	21.69811320754717	21.69811320754717	16.9811320754717	39.62264150943396	0.0
33.0	31.428571428571427	20.0	14.285714285714285	34.285714285714285	0.0
34.0	31.428571428571427	20.0	15.238095238095239	33.33333333333333	0.0
35.0	26.666666666666668	15.238095238095239	29.523809523809526	28.57142857142857	0.0
36.0	35.23809523809524	18.095238095238095	19.047619047619047	27.61904761904762	0.0
37.0	31.132075471698112	19.81132075471698	16.037735849056602	33.0188679245283	0.0
38.0	31.132075471698112	13.20754716981132	17.92452830188679	37.735849056603776	0.0
39.0	33.0188679245283	17.92452830188679	19.81132075471698	29.245283018867923	0.0
40.0	26.168224299065418	18.69158878504673	17.75700934579439	37.38317757009346	0.0
41.0	28.971962616822427	14.953271028037381	30.8411214953271	25.233644859813083	0.0
42.0	28.971962616822427	19.626168224299064	20.5607476635514	30.8411214953271	0.0
43.0	33.64485981308411	12.149532710280374	20.5607476635514	33.64485981308411	0.0
44.0	27.102803738317753	25.233644859813083	14.953271028037381	32.71028037383177	0.0
45.0	33.64485981308411	10.2803738317757	19.626168224299064	36.44859813084112	0.0
46.0	23.58490566037736	22.641509433962266	20.754716981132077	33.0188679245283	0.0
47.0	30.18867924528302	22.641509433962266	12.264150943396226	34.90566037735849	0.0
48.0	33.9622641509434	17.92452830188679	19.81132075471698	28.30188679245283	0.0
49.0	26.41509433962264	21.69811320754717	16.9811320754717	34.90566037735849	0.0
50.0	28.30188679245283	18.867924528301888	19.81132075471698	33.0188679245283	0.0
51.0	38.67924528301887	19.81132075471698	18.867924528301888	22.641509433962266	0.0
52.0	28.30188679245283	21.69811320754717	15.09433962264151	34.90566037735849	0.0
53.0	30.18867924528302	19.81132075471698	14.150943396226415	35.84905660377358	0.0
54.0	30.18867924528302	20.754716981132077	20.754716981132077	28.30188679245283	0.0
55.0	29.245283018867923	18.867924528301888	20.754716981132077	31.132075471698112	0.0
56.0	26.666666666666668	20.952380952380953	25.71428571428571	26.666666666666668	0.0
57.0	32.38095238095238	26.666666666666668	13.333333333333334	27.61904761904762	0.0
58.0	34.90566037735849	20.754716981132077	17.92452830188679	26.41509433962264	0.0
59.0	27.358490566037734	16.037735849056602	25.471698113207548	31.132075471698112	0.0
60.0	31.132075471698112	16.037735849056602	22.641509433962266	30.18867924528302	0.0
61.0	29.245283018867923	20.754716981132077	24.528301886792452	25.471698113207548	0.0
62.0	31.132075471698112	18.867924528301888	26.41509433962264	23.58490566037736	0.0
63.0	25.71428571428571	20.0	21.904761904761905	32.38095238095238	0.0
64.0	31.428571428571427	18.095238095238095	21.904761904761905	28.57142857142857	0.0
65.0	29.523809523809526	22.857142857142858	15.238095238095239	32.38095238095238	0.0
66.0	26.666666666666668	20.952380952380953	20.952380952380953	31.428571428571427	0.0
67.0	25.71428571428571	18.095238095238095	17.142857142857142	39.04761904761905	0.0
68.0	37.142857142857146	15.238095238095239	17.142857142857142	30.476190476190478	0.0
69.0	31.428571428571427	17.142857142857142	20.952380952380953	27.61904761904762	2.857142857142857
70.0	24.761904761904763	12.380952380952381	26.666666666666668	30.476190476190478	5.714285714285714
71.0	27.61904761904762	16.19047619047619	22.857142857142858	33.33333333333333	0.0
72.0	32.38095238095238	21.904761904761905	20.952380952380953	24.761904761904763	0.0
73.0	30.76923076923077	26.923076923076923	17.307692307692307	25.0	0.0
74.0	37.5	17.307692307692307	14.423076923076922	30.76923076923077	0.0
75.0	35.57692307692308	22.115384615384613	18.269230769230766	24.03846153846154	0.0
76.0	33.65384615384615	16.346153846153847	22.115384615384613	27.884615384615387	0.0
77.0	27.884615384615387	18.269230769230766	24.03846153846154	29.807692307692307	0.0
78.0	26.923076923076923	22.115384615384613	21.153846153846153	29.807692307692307	0.0
79.0	34.61538461538461	24.03846153846154	12.5	28.846153846153843	0.0
80.0	28.846153846153843	20.192307692307693	18.269230769230766	32.69230769230769	0.0
81.0	34.61538461538461	17.307692307692307	21.153846153846153	26.923076923076923	0.0
82.0	31.73076923076923	11.538461538461538	24.03846153846154	32.69230769230769	0.0
83.0	26.923076923076923	28.846153846153843	17.307692307692307	26.923076923076923	0.0
84.0	35.57692307692308	18.269230769230766	16.346153846153847	29.807692307692307	0.0
85.0	39.42307692307692	16.346153846153847	16.346153846153847	27.884615384615387	0.0
86.0	23.076923076923077	20.192307692307693	25.961538461538463	30.76923076923077	0.0
87.0	25.961538461538463	22.115384615384613	18.269230769230766	33.65384615384615	0.0
88.0	23.076923076923077	27.884615384615387	22.115384615384613	26.923076923076923	0.0
89.0	36.53846153846153	22.115384615384613	13.461538461538462	27.884615384615387	0.0
90.0	32.69230769230769	18.269230769230766	18.269230769230766	30.76923076923077	0.0
91.0	23.076923076923077	20.192307692307693	22.115384615384613	34.61538461538461	0.0
92.0	35.57692307692308	18.269230769230766	11.538461538461538	34.61538461538461	0.0
93.0	33.980582524271846	20.388349514563107	17.475728155339805	28.155339805825243	0.0
94.0	30.097087378640776	18.446601941747574	24.271844660194176	27.184466019417474	0.0
95.0	32.67326732673268	20.792079207920793	17.82178217821782	28.71287128712871	0.0
96.0	28.999999999999996	18.0	23.0	30.0	0.0
97.0	37.0	13.0	19.0	31.0	0.0
98.0	31.0	20.0	23.0	26.0	0.0
99.0	30.0	22.0	17.0	31.0	0.0
100.0	22.0	15.0	21.0	42.0	0.0
