#Coverage	Number of genomic locations
0.0	801774.0
1.0	1.0
7.0	8.0
8.0	48.0
9.0	51.0
10.0	25.0
11.0	24.0
12.0	27.0
13.0	12.0
14.0	12.0
15.0	13.0
16.0	18.0
17.0	29.0
18.0	71.0
19.0	115.0
20.0	67.0
21.0	107.0
22.0	86.0
23.0	117.0
24.0	100.0
25.0	71.0
26.0	66.0
27.0	59.0
28.0	50.0
29.0	50.0
30.0	63.0
31.0	48.0
32.0	69.0
33.0	74.0
34.0	70.0
35.0	70.0
36.0	89.0
37.0	73.0
38.0	52.0
39.0	39.0
40.0	45.0
41.0	74.0
42.0	38.0
43.0	38.0
44.0	34.0
45.0	20.0
46.0	21.0
47.0	36.0
48.0	19.0
49.0	20.0
50.0	10.0
51.0	16.0
52.0	13.0
53.0	14.0
54.0	14.0
55.0	11.0
56.0	24.0
57.0	19.0
58.0	23.0
59.0	7.0
60.0	5.0
61.0	3.0
62.0	24.0
63.0	12.0
64.0	14.0
65.0	12.0
66.0	5.0
67.0	6.0
68.0	8.0
69.0	17.0
70.0	16.0
71.0	25.0
72.0	9.0
73.0	12.0
74.0	6.0
75.0	6.0
76.0	8.0
77.0	9.0
78.0	3.0
79.0	4.0
80.0	5.0
81.0	6.0
82.0	5.0
83.0	9.0
84.0	4.0
85.0	3.0
86.0	3.0
87.0	5.0
88.0	5.0
89.0	2.0
90.0	5.0
91.0	2.0
92.0	3.0
93.0	2.0
94.0	3.0
95.0	1.0
96.0	2.0
97.0	4.0
98.0	10.0
99.0	9.0
100.0	5.0
101.0	13.0
102.0	4.0
103.0	12.0
104.0	6.0
105.0	8.0
106.0	6.0
107.0	5.0
108.0	7.0
109.0	6.0
110.0	5.0
111.0	9.0
112.0	6.0
113.0	5.0
114.0	5.0
115.0	5.0
116.0	7.0
117.0	3.0
118.0	2.0
119.0	4.0
120.0	9.0
121.0	9.0
122.0	8.0
123.0	6.0
124.0	2.0
125.0	8.0
126.0	6.0
127.0	7.0
128.0	11.0
129.0	12.0
130.0	16.0
131.0	15.0
132.0	16.0
133.0	20.0
134.0	12.0
135.0	17.0
136.0	16.0
137.0	13.0
138.0	16.0
139.0	8.0
140.0	15.0
141.0	13.0
142.0	7.0
143.0	5.0
144.0	3.0
145.0	3.0
146.0	7.0
147.0	13.0
148.0	11.0
149.0	4.0
150.0	4.0
151.0	8.0
152.0	8.0
153.0	11.0
154.0	5.0
155.0	10.0
156.0	10.0
157.0	8.0
158.0	8.0
159.0	11.0
160.0	6.0
161.0	11.0
162.0	7.0
163.0	1.0
164.0	3.0
