# Position (bp)	A	C	G	T	N
0.0	30.34610630407911	20.024721878862795	13.967861557478367	35.59950556242274	0.061804697156983925
1.0	32.07663782447466	18.10877626699629	16.563658838071692	33.25092707045735	0.0
2.0	29.153798641136504	20.32118591723286	17.91229153798641	32.61272390364422	0.0
3.0	31.192093885114268	20.012353304508956	17.17109326744904	31.562693020382955	0.06176652254478073
4.0	30.475015422578654	17.334978408389883	18.32202344231956	33.8679827267119	0.0
5.0	29.96300863131936	19.05055487053021	20.838471023427868	30.147965474722564	0.0
6.0	31.93846153846154	19.26153846153846	17.107692307692307	31.692307692307693	0.0
7.0	30.31980319803198	18.880688806888067	18.38868388683887	32.41082410824108	0.0
8.0	31.08108108108108	17.506142506142506	17.813267813267814	33.599508599508596	0.0
9.0	29.46593001841621	19.21424186617557	17.80233271945979	33.51749539594843	0.0
10.0	30.067360685854254	19.473361910593997	16.77893447642376	33.68034292712799	0.0
11.0	29.76117575015309	18.432333129210043	18.12614819350888	33.68034292712799	0.0
12.0	30.679730557256583	19.2896509491733	17.268830373545622	32.76178812002449	0.0
13.0	32.782874617737	17.920489296636084	16.452599388379205	32.84403669724771	0.0
14.0	30.21406727828746	18.40978593272171	17.24770642201835	34.12844036697248	0.0
15.0	30.012224938875303	18.94865525672372	18.337408312958438	32.701711491442545	0.0
16.0	29.749541844838117	19.547953573610265	17.287721441661578	33.41478313989004	0.0
17.0	30.76923076923077	17.826617826617827	18.00976800976801	33.39438339438339	0.0
18.0	29.84165651644336	17.72228989037759	17.90499390986602	34.53105968331303	0.0
19.0	29.537149817295983	19.671132764920827	17.783191230207066	33.00852618757612	0.0
20.0	29.51917224589166	18.867924528301888	18.25928180158247	33.35362142422398	0.0
21.0	29.293544457978076	19.12302070645554	19.914738124238735	31.668696711327648	0.0
22.0	28.380024360535934	19.61023142509135	20.645554202192447	31.364190012180266	0.0
23.0	30.858186244674375	19.72002434570907	18.746195982958003	30.675593426658555	0.0
24.0	29.762629336579426	19.415702982349362	18.98965307364577	31.832014607425442	0.0
25.0	28.397318708104812	20.59719683120049	18.34247410115783	32.66301035953687	0.0
26.0	29.03225806451613	18.807060255629946	17.77236762020694	34.38831405964699	0.0
27.0	30.675593426658555	21.485088253195375	17.285453438831404	30.55386488131467	0.0
28.0	31.793313069908812	18.541033434650455	18.054711246200608	31.61094224924012	0.0
29.0	30.577507598784194	19.878419452887538	18.115501519756837	31.428571428571427	0.0
30.0	32.077764277035236	18.469015795868774	17.55771567436209	31.895504252733904	0.0
31.0	28.61482381530984	20.1093560145808	18.043742405832322	33.23207776427704	0.0
32.0	29.75106253794778	20.58287795992714	17.60777170613236	32.05828779599271	0.0
33.0	28.206686930091184	19.635258358662615	17.4468085106383	34.7112462006079	0.0
34.0	30.638297872340424	18.358662613981764	19.088145896656535	31.914893617021278	0.0
35.0	27.781155015197566	19.635258358662615	19.574468085106382	33.00911854103343	0.0
36.0	29.908814589665656	20.425531914893615	19.027355623100302	30.638297872340424	0.0
37.0	27.946537059538272	19.927095990279465	18.469015795868774	33.65735115431349	0.0
38.0	32.19720024345709	17.528910529519173	18.076688983566648	32.19720024345709	0.0
39.0	30.18867924528302	18.807060255629946	19.4765672550213	31.527693244065734	0.0
40.0	28.928136419001216	19.549330085261875	18.514007308160778	33.00852618757612	0.0
41.0	29.695121951219512	20.243902439024392	18.71951219512195	31.341463414634145	0.0
42.0	29.737964655697745	20.6581352833638	16.209628275441805	33.39427178549665	0.0
43.0	28.336380255941503	18.159658744667887	21.450335161486898	32.053625837903716	0.0
44.0	31.444241316270567	17.428397318708104	17.550274223034734	33.577087141986595	0.0
45.0	29.71985383678441	19.914738124238735	18.879415347137638	31.485992691839222	0.0
46.0	31.87081048141377	19.012797074954296	19.317489335770873	29.798903107861058	0.0
47.0	28.945764777574652	19.683120048750762	18.281535648994517	33.089579524680076	0.0
48.0	27.239488117001827	21.328458257160268	20.170627666057282	31.26142595978062	0.0
49.0	30.712979890310788	20.719073735527118	16.392443631931748	32.17550274223035	0.0
50.0	28.841463414634145	18.536585365853657	20.121951219512198	32.5	0.0
51.0	29.878048780487802	19.20731707317073	20.0	30.914634146341463	0.0
52.0	29.99389126450825	18.57055589492975	19.73121563836286	31.704337202199145	0.0
53.0	29.99389126450825	18.69273060476481	19.364691508857668	31.94868662186927	0.0
54.0	29.67032967032967	20.695970695970693	17.52136752136752	32.11233211233211	0.0
55.0	29.120879120879124	19.169719169719173	19.10866910866911	32.6007326007326	0.0
56.0	29.71985383678441	17.90499390986602	18.879415347137638	33.49573690621194	0.0
57.0	30.267965895249695	19.61023142509135	17.600487210718637	32.521315468940315	0.0
58.0	30.956733698964044	18.46435100548446	18.890920170627666	31.68799512492383	0.0
59.0	28.815628815628813	22.1001221001221	17.887667887667888	31.196581196581196	0.0
60.0	28.667481662591687	18.82640586797066	18.887530562347187	33.618581907090466	0.0
61.0	29.566279780085523	20.03665241295052	20.586438607208308	29.81062919975565	0.0
62.0	29.767726161369197	19.43765281173594	19.193154034229828	31.60146699266504	0.0
63.0	30.054978619425775	20.464263897373243	18.69273060476481	30.788026878436163	0.0
64.0	31.459987782529016	18.448381185094686	17.837507635919366	32.25412339645693	0.0
65.0	29.627367135003052	20.40317654245571	19.18142944410507	30.788026878436163	0.0
66.0	31.47921760391198	19.376528117359413	19.009779951100246	30.134474327628364	0.0
67.0	31.177547284929837	19.890176937156802	18.547895057962172	30.38438071995119	0.0
68.0	31.56288156288156	18.192918192918192	19.169719169719173	31.074481074481074	0.0
69.0	30.525030525030527	19.963369963369964	19.474969474969477	30.036630036630036	0.0
70.0	28.9119804400978	18.643031784841078	19.315403422982886	33.12958435207824	0.0
71.0	28.850855745721272	18.21515892420538	18.82640586797066	34.10757946210269	0.0
72.0	30.886850152905197	18.837920489296636	18.470948012232416	31.804281345565748	0.0
73.0	31.926605504587158	18.654434250764528	18.837920489296636	30.58103975535168	0.0
74.0	29.314565483476134	19.828641370869033	20.746634026927786	30.110159118727047	0.0
75.0	31.965707287201468	19.105939987752603	18.738518064911204	30.189834660134725	0.0
76.0	31.982811540822592	18.109269490484962	18.96869244935543	30.939226519337016	0.0
77.0	29.57486136783734	19.47011706715958	19.654959950708566	31.300061614294517	0.0
78.0	30.16656384947563	20.172732880937694	19.61752004935225	30.043183220234422	0.0
79.0	32.98267326732673	19.801980198019802	17.26485148514851	29.950495049504948	0.0
80.0	32.85891089108911	19.36881188118812	16.584158415841586	31.18811881188119	0.0
81.0	32.03463203463203	19.29499072356215	19.480519480519483	29.18985776128633	0.0
82.0	29.25170068027211	20.77922077922078	18.738404452690165	31.230674087816944	0.0
83.0	32.363861386138616	17.75990099009901	19.36881188118812	30.507425742574256	0.0
84.0	28.686493184634447	18.52540272614622	21.127633209417596	31.660470879801732	0.0
85.0	30.502169869807812	19.838809671419718	19.40483570985741	30.254184748915065	0.0
86.0	29.850746268656714	19.402985074626866	17.9726368159204	32.77363184079602	0.0
87.0	30.654205607476637	20.24922118380062	18.442367601246108	30.654205607476637	0.0
88.0	30.337078651685395	17.04119850187266	20.66167290886392	31.960049937578027	0.0
89.0	31.35540287320425	20.861961274203622	18.550905683947533	29.2317301686446	0.0
90.0	32.270168855534706	17.823639774859288	18.19887429643527	31.70731707317073	0.0
91.0	31.414267834793492	19.962453066332916	18.335419274092615	30.287859824780977	0.0
92.0	32.581453634085214	17.982456140350877	17.794486215538846	31.641604010025066	0.0
93.0	29.334170854271356	20.35175879396985	18.718592964824122	31.59547738693467	0.0
94.0	31.088735053492762	17.747010698552547	19.823788546255507	31.340465701699184	0.0
95.0	32.32514177693761	18.588531821045997	19.659735349716446	29.426591052299937	0.0
96.0	29.88650693568726	18.66330390920555	19.041614123581336	32.34552332912989	0.06305170239596469
97.0	30.075662042875155	20.11349306431274	20.05044136191677	29.760403530895335	0.0
98.0	31.71500630517024	19.60907944514502	18.474148802017652	30.20176544766709	0.0
99.0	27.84090909090909	17.992424242424242	19.507575757575758	34.40656565656566	0.25252525252525254
100.0	29.86111111111111	18.876262626262626	17.929292929292927	32.95454545454545	0.3787878787878788
