# Position (bp)	A	C	G	T	N
0.0	36.666666666666664	15.0	16.666666666666664	31.666666666666664	0.0
1.0	23.333333333333332	21.666666666666668	21.666666666666668	33.33333333333333	0.0
2.0	33.33333333333333	18.333333333333332	11.666666666666666	36.666666666666664	0.0
3.0	35.0	18.333333333333332	20.0	26.666666666666668	0.0
4.0	26.666666666666668	20.0	18.333333333333332	35.0	0.0
5.0	38.333333333333336	16.666666666666664	21.666666666666668	23.333333333333332	0.0
6.0	26.666666666666668	23.333333333333332	26.666666666666668	23.333333333333332	0.0
7.0	36.666666666666664	15.0	15.0	33.33333333333333	0.0
8.0	25.0	13.333333333333334	20.0	41.66666666666667	0.0
9.0	26.666666666666668	18.333333333333332	26.666666666666668	28.333333333333332	0.0
10.0	30.0	20.0	21.666666666666668	28.333333333333332	0.0
11.0	23.333333333333332	18.333333333333332	15.0	43.333333333333336	0.0
12.0	30.0	6.666666666666667	28.333333333333332	35.0	0.0
13.0	31.666666666666664	21.666666666666668	10.0	36.666666666666664	0.0
14.0	30.0	18.333333333333332	18.333333333333332	33.33333333333333	0.0
15.0	31.666666666666664	11.666666666666666	23.333333333333332	33.33333333333333	0.0
16.0	33.33333333333333	20.0	21.666666666666668	25.0	0.0
17.0	30.0	15.0	21.666666666666668	33.33333333333333	0.0
18.0	35.0	21.666666666666668	13.333333333333334	30.0	0.0
19.0	38.333333333333336	20.0	25.0	16.666666666666664	0.0
20.0	38.333333333333336	13.333333333333334	20.0	28.333333333333332	0.0
21.0	35.0	11.666666666666666	21.666666666666668	31.666666666666664	0.0
22.0	20.0	31.666666666666664	20.0	28.333333333333332	0.0
23.0	31.666666666666664	8.333333333333332	23.333333333333332	36.666666666666664	0.0
24.0	26.666666666666668	25.0	20.0	28.333333333333332	0.0
25.0	25.0	21.666666666666668	15.0	38.333333333333336	0.0
26.0	30.0	18.333333333333332	23.333333333333332	28.333333333333332	0.0
27.0	20.0	21.666666666666668	20.0	38.333333333333336	0.0
28.0	20.0	18.333333333333332	18.333333333333332	43.333333333333336	0.0
29.0	30.0	13.333333333333334	28.333333333333332	28.333333333333332	0.0
30.0	33.33333333333333	23.333333333333332	21.666666666666668	21.666666666666668	0.0
31.0	26.666666666666668	23.333333333333332	16.666666666666664	33.33333333333333	0.0
32.0	25.0	16.666666666666664	26.666666666666668	31.666666666666664	0.0
33.0	28.333333333333332	31.666666666666664	16.666666666666664	23.333333333333332	0.0
34.0	35.0	13.333333333333334	20.0	31.666666666666664	0.0
35.0	28.333333333333332	28.333333333333332	11.666666666666666	31.666666666666664	0.0
36.0	30.0	16.666666666666664	21.666666666666668	31.666666666666664	0.0
37.0	32.20338983050847	18.64406779661017	25.423728813559322	23.728813559322035	0.0
38.0	30.508474576271187	18.64406779661017	20.33898305084746	30.508474576271187	0.0
39.0	23.728813559322035	16.94915254237288	20.33898305084746	38.983050847457626	0.0
40.0	32.20338983050847	20.33898305084746	18.64406779661017	28.8135593220339	0.0
41.0	38.983050847457626	13.559322033898304	18.64406779661017	28.8135593220339	0.0
42.0	27.11864406779661	18.64406779661017	23.728813559322035	30.508474576271187	0.0
43.0	38.983050847457626	25.423728813559322	20.33898305084746	15.254237288135593	0.0
44.0	30.508474576271187	25.423728813559322	16.94915254237288	27.11864406779661	0.0
45.0	44.06779661016949	16.94915254237288	15.254237288135593	23.728813559322035	0.0
46.0	42.3728813559322	15.254237288135593	20.33898305084746	22.033898305084744	0.0
47.0	18.64406779661017	32.20338983050847	22.033898305084744	27.11864406779661	0.0
48.0	37.28813559322034	27.11864406779661	11.864406779661017	23.728813559322035	0.0
49.0	35.59322033898305	15.254237288135593	27.11864406779661	22.033898305084744	0.0
50.0	32.20338983050847	23.728813559322035	16.94915254237288	27.11864406779661	0.0
51.0	22.033898305084744	13.559322033898304	28.8135593220339	35.59322033898305	0.0
52.0	28.8135593220339	25.423728813559322	25.423728813559322	20.33898305084746	0.0
53.0	27.11864406779661	30.508474576271187	16.94915254237288	25.423728813559322	0.0
54.0	33.89830508474576	28.8135593220339	11.864406779661017	25.423728813559322	0.0
55.0	27.11864406779661	20.33898305084746	15.254237288135593	37.28813559322034	0.0
56.0	22.033898305084744	20.33898305084746	32.20338983050847	25.423728813559322	0.0
57.0	32.20338983050847	20.33898305084746	23.728813559322035	23.728813559322035	0.0
58.0	27.11864406779661	13.559322033898304	27.11864406779661	32.20338983050847	0.0
59.0	32.20338983050847	20.33898305084746	10.16949152542373	37.28813559322034	0.0
60.0	23.728813559322035	16.94915254237288	30.508474576271187	28.8135593220339	0.0
61.0	33.89830508474576	22.033898305084744	13.559322033898304	30.508474576271187	0.0
62.0	23.728813559322035	18.64406779661017	20.33898305084746	37.28813559322034	0.0
63.0	25.423728813559322	22.033898305084744	27.11864406779661	25.423728813559322	0.0
64.0	38.983050847457626	18.64406779661017	18.64406779661017	23.728813559322035	0.0
65.0	28.8135593220339	15.254237288135593	23.728813559322035	32.20338983050847	0.0
66.0	27.586206896551722	22.413793103448278	22.413793103448278	27.586206896551722	0.0
67.0	27.586206896551722	32.758620689655174	20.689655172413794	18.96551724137931	0.0
68.0	37.93103448275862	20.689655172413794	17.24137931034483	24.137931034482758	0.0
69.0	32.758620689655174	20.689655172413794	17.24137931034483	29.310344827586203	0.0
70.0	25.862068965517242	20.689655172413794	20.689655172413794	32.758620689655174	0.0
71.0	41.37931034482759	15.517241379310345	20.689655172413794	22.413793103448278	0.0
72.0	39.6551724137931	24.137931034482758	13.793103448275861	22.413793103448278	0.0
73.0	32.758620689655174	15.517241379310345	22.413793103448278	29.310344827586203	0.0
74.0	18.96551724137931	22.413793103448278	18.96551724137931	39.6551724137931	0.0
75.0	22.413793103448278	27.586206896551722	20.689655172413794	29.310344827586203	0.0
76.0	36.206896551724135	24.137931034482758	15.517241379310345	24.137931034482758	0.0
77.0	18.96551724137931	32.758620689655174	17.24137931034483	31.03448275862069	0.0
78.0	27.586206896551722	24.137931034482758	13.793103448275861	34.48275862068966	0.0
79.0	31.03448275862069	15.517241379310345	20.689655172413794	32.758620689655174	0.0
80.0	47.45762711864407	13.559322033898304	15.254237288135593	23.728813559322035	0.0
81.0	25.423728813559322	13.559322033898304	28.8135593220339	32.20338983050847	0.0
82.0	37.28813559322034	18.64406779661017	23.728813559322035	20.33898305084746	0.0
83.0	42.3728813559322	20.33898305084746	18.64406779661017	18.64406779661017	0.0
84.0	27.11864406779661	25.423728813559322	28.8135593220339	18.64406779661017	0.0
85.0	35.59322033898305	18.64406779661017	20.33898305084746	25.423728813559322	0.0
86.0	30.508474576271187	13.559322033898304	20.33898305084746	35.59322033898305	0.0
87.0	30.508474576271187	28.8135593220339	11.864406779661017	28.8135593220339	0.0
88.0	30.508474576271187	13.559322033898304	18.64406779661017	37.28813559322034	0.0
89.0	23.728813559322035	23.728813559322035	15.254237288135593	37.28813559322034	0.0
90.0	27.11864406779661	20.33898305084746	16.94915254237288	35.59322033898305	0.0
91.0	25.862068965517242	22.413793103448278	27.586206896551722	24.137931034482758	0.0
92.0	31.03448275862069	12.068965517241379	12.068965517241379	44.827586206896555	0.0
93.0	36.206896551724135	24.137931034482758	20.689655172413794	18.96551724137931	0.0
94.0	37.93103448275862	13.793103448275861	20.689655172413794	27.586206896551722	0.0
95.0	27.586206896551722	22.413793103448278	17.24137931034483	32.758620689655174	0.0
96.0	41.37931034482759	15.517241379310345	13.793103448275861	29.310344827586203	0.0
97.0	31.03448275862069	24.137931034482758	20.689655172413794	24.137931034482758	0.0
98.0	34.48275862068966	13.793103448275861	17.24137931034483	34.48275862068966	0.0
99.0	36.206896551724135	18.96551724137931	17.24137931034483	27.586206896551722	0.0
100.0	31.03448275862069	27.586206896551722	17.24137931034483	24.137931034482758	0.0
