# Position (bp)	A	C	G	T	N
0.0	25.723472668810288	1.2861736334405145	28.29581993569132	44.37299035369775	0.3215434083601286
1.0	25.723472668810288	1.607717041800643	28.938906752411576	43.729903536977496	0.0
2.0	25.080385852090032	1.929260450160772	29.581993569131832	43.40836012861736	0.0
3.0	26.04501607717042	0.964630225080386	28.29581993569132	44.37299035369775	0.3215434083601286
4.0	25.401929260450164	2.572347266881029	28.938906752411576	43.08681672025724	0.0
5.0	26.04501607717042	0.6430868167202572	29.581993569131832	43.729903536977496	0.0
6.0	25.401929260450164	1.929260450160772	29.260450160771708	43.40836012861736	0.0
7.0	26.04501607717042	0.6430868167202572	29.903536977491964	43.40836012861736	0.0
8.0	25.080385852090032	1.929260450160772	29.581993569131832	43.40836012861736	0.0
9.0	25.080385852090032	0.6430868167202572	30.22508038585209	44.05144694533762	0.0
10.0	24.758842443729904	1.2861736334405145	29.903536977491964	44.05144694533762	0.0
11.0	24.758842443729904	0.964630225080386	29.581993569131832	44.69453376205787	0.0
12.0	24.437299035369776	1.2861736334405145	30.22508038585209	44.05144694533762	0.0
13.0	25.401929260450164	0.0	28.938906752411576	45.659163987138264	0.0
14.0	24.758842443729904	1.607717041800643	28.938906752411576	44.69453376205787	0.0
15.0	24.758842443729904	0.964630225080386	30.22508038585209	44.05144694533762	0.0
16.0	24.758842443729904	1.2861736334405145	29.903536977491964	44.05144694533762	0.0
17.0	25.401929260450164	0.3215434083601286	28.938906752411576	45.337620578778136	0.0
18.0	24.758842443729904	1.607717041800643	29.903536977491964	43.729903536977496	0.0
19.0	25.723472668810288	0.6430868167202572	30.54662379421222	43.08681672025724	0.0
20.0	25.401929260450164	1.2861736334405145	29.581993569131832	43.729903536977496	0.0
21.0	25.723472668810288	0.964630225080386	29.581993569131832	43.729903536977496	0.0
22.0	26.04501607717042	0.964630225080386	29.903536977491964	43.08681672025724	0.0
23.0	25.723472668810288	0.3215434083601286	29.581993569131832	44.37299035369775	0.0
24.0	25.080385852090032	0.964630225080386	28.938906752411576	45.01607717041801	0.0
25.0	25.080385852090032	1.2861736334405145	29.903536977491964	43.729903536977496	0.0
26.0	24.838709677419356	1.6129032258064515	30.967741935483872	42.58064516129032	0.0
27.0	24.516129032258064	1.6129032258064515	30.64516129032258	43.225806451612904	0.0
28.0	24.919093851132686	1.9417475728155338	29.773462783171524	43.36569579288026	0.0
29.0	26.623376623376622	1.2987012987012987	29.87012987012987	42.2077922077922	0.0
30.0	26.143790849673206	1.9607843137254901	28.75816993464052	43.13725490196079	0.0
31.0	26.885245901639344	1.3114754098360655	28.852459016393446	42.950819672131146	0.0
32.0	25.423728813559322	0.3389830508474576	30.508474576271187	43.728813559322035	0.0
33.0	26.297577854671278	1.0380622837370241	28.027681660899656	44.636678200692046	0.0
34.0	20.454545454545457	0.3787878787878788	31.060606060606062	48.10606060606061	0.0
35.0	0.0	2.197802197802198	35.16483516483517	62.637362637362635	0.0
