# Position (bp)	A	C	G	T	N
0.0	31.432360742705573	20.954907161803714	15.251989389920425	32.360742705570296	0.0
1.0	32.891246684350136	19.893899204244033	16.843501326259947	30.371352785145888	0.0
2.0	30.066225165562916	19.735099337748345	18.940397350993376	31.25827814569536	0.0
3.0	31.00263852242744	17.678100263852244	20.448548812664907	30.87071240105541	0.0
4.0	29.419525065963057	19.525065963060687	18.337730870712402	32.71767810026385	0.0
5.0	34.91436100131752	17.391304347826086	19.76284584980237	27.931488801054016	0.0
6.0	28.909329829172144	21.419185282522996	18.396846254927727	31.274638633377133	0.0
7.0	29.095674967234604	20.31454783748362	19.003931847968545	31.585845347313235	0.0
8.0	29.411764705882355	19.215686274509807	15.947712418300652	35.42483660130719	0.0
9.0	30.19607843137255	20.784313725490197	19.477124183006538	29.54248366013072	0.0
10.0	32.375979112271544	18.66840731070496	17.62402088772846	31.33159268929504	0.0
11.0	29.50391644908616	18.14621409921671	19.321148825065272	33.02872062663185	0.0
12.0	30.287206266318538	16.318537859007833	21.279373368146214	32.114882506527415	0.0
13.0	30.899608865710558	20.469361147327252	17.470664928292045	31.16036505867014	0.0
14.0	31.421121251629724	22.164276401564535	17.861799217731424	28.552803129074317	0.0
15.0	30.378096479791395	21.251629726205998	15.90612777053455	32.46414602346806	0.0
16.0	32.07301173402868	19.035202086049544	18.904823989569753	29.986962190352024	0.0
17.0	28.42242503259452	20.469361147327252	19.6870925684485	31.421121251629724	0.0
18.0	27.0481144343303	18.985695708712612	20.416124837451235	33.55006501950585	0.0
19.0	28.7012987012987	18.961038961038962	21.428571428571427	30.909090909090907	0.0
20.0	30.82901554404145	18.523316062176164	19.4300518134715	31.21761658031088	0.0
21.0	29.701686121919586	21.27107652399481	17.120622568093385	31.906614785992215	0.0
22.0	29.128738621586475	18.205461638491546	19.89596879063719	32.76983094928478	0.0
23.0	29.61038961038961	19.870129870129873	20.259740259740262	30.25974025974026	0.0
24.0	30.699481865284973	21.373056994818654	17.875647668393782	30.05181347150259	0.0
25.0	30.440414507772022	17.616580310880828	17.875647668393782	34.067357512953365	0.0
26.0	34.79948253557568	16.81759379042691	19.663648124191464	28.71927554980595	0.0
27.0	28.42377260981912	20.28423772609819	20.41343669250646	30.87855297157623	0.0
28.0	26.94300518134715	20.854922279792746	17.098445595854923	35.10362694300518	0.0
29.0	29.701686121919586	18.67704280155642	19.06614785992218	32.555123216601814	0.0
30.0	32.16601815823606	19.45525291828794	21.011673151750973	27.367055771725035	0.0
31.0	31.565329883570502	19.27554980595084	17.205692108667527	31.953428201811125	0.0
32.0	27.29624838292367	18.628719275549805	20.56921086675291	31.69469598965071	1.8111254851228977
33.0	27.849740932642487	19.818652849740932	19.170984455958546	33.160621761658035	0.0
34.0	30.739299610894943	19.1958495460441	17.898832684824903	32.16601815823606	0.0
35.0	26.848249027237355	22.30869001297017	20.103761348897535	30.739299610894943	0.0
36.0	29.22077922077922	20.77922077922078	20.12987012987013	29.87012987012987	0.0
37.0	32.555123216601814	19.06614785992218	18.67704280155642	29.701686121919586	0.0
38.0	29.701686121919586	17.380025940337223	22.04928664072633	30.86900129701686	0.0
39.0	32.555123216601814	19.974059662775616	18.15823605706874	29.31258106355383	0.0
40.0	31.906614785992215	20.233463035019454	16.990920881971466	30.86900129701686	0.0
41.0	29.35064935064935	17.792207792207794	21.818181818181817	31.038961038961038	0.0
42.0	28.348504551365412	21.196358907672302	20.93628088426528	29.518855656697006	0.0
43.0	31.859557867360206	19.765929778933682	18.725617685305593	29.648894668400523	0.0
44.0	30.77922077922078	20.51948051948052	19.480519480519483	29.22077922077922	0.0
45.0	30.909090909090907	20.12987012987013	19.480519480519483	29.48051948051948	0.0
46.0	30.689206762028608	18.075422626788036	19.115734720416125	32.11963589076723	0.0
47.0	27.213541666666668	23.307291666666664	20.963541666666664	28.515625	0.0
48.0	30.598958333333332	20.182291666666664	18.489583333333336	30.729166666666668	0.0
49.0	28.515625	19.401041666666664	20.833333333333336	31.25	0.0
50.0	29.074315514993483	22.685788787483702	19.165580182529336	28.683181225554105	0.3911342894393742
51.0	29.50391644908616	19.06005221932115	19.843342036553523	31.59268929503917	0.0
52.0	27.154046997389038	20.10443864229765	22.193211488250654	30.548302872062667	0.0
53.0	28.366013071895424	21.830065359477125	19.477124183006538	30.326797385620914	0.0
54.0	32.85340314136126	20.680628272251308	17.277486910994764	29.18848167539267	0.0
55.0	31.10236220472441	19.291338582677163	19.160104986876643	30.446194225721783	0.0
56.0	27.500000000000004	20.789473684210527	22.5	29.210526315789476	0.0
57.0	30.263157894736842	20.789473684210527	18.157894736842106	30.789473684210527	0.0
58.0	30.486202365308806	18.922470433639948	19.316688567674113	31.274638633377133	0.0
59.0	27.500000000000004	21.184210526315788	20.13157894736842	31.18421052631579	0.0
60.0	29.736842105263158	20.0	18.289473684210527	31.973684210526315	0.0
61.0	30.0	22.5	19.078947368421055	28.421052631578945	0.0
62.0	27.500000000000004	21.31578947368421	21.578947368421055	29.605263157894733	0.0
63.0	29.117259552042164	20.55335968379447	20.28985507246377	30.039525691699602	0.0
64.0	33.81770145310436	19.154557463672393	18.890356671070013	28.13738441215324	0.0
65.0	26.948480845442536	19.682959048877148	19.154557463672393	34.21400264200793	0.0
66.0	29.326287978863935	19.550858652575958	22.060766182298547	29.06208718626156	0.0
67.0	30.779392338177015	18.758256274768826	19.28665785997358	31.175693527080583	0.0
68.0	32.0580474934037	17.678100263852244	20.71240105540897	29.551451187335093	0.0
69.0	29.155672823218996	20.184696569920842	20.052770448548813	30.21108179419525	0.395778364116095
70.0	26.127320954907162	20.424403183023873	21.087533156498676	31.56498673740053	0.7957559681697612
71.0	27.851458885941643	19.893899204244033	19.49602122015915	32.758620689655174	0.0
72.0	31.56498673740053	21.220159151193634	20.291777188328915	26.923076923076923	0.0
73.0	31.25	21.01063829787234	20.47872340425532	27.26063829787234	0.0
74.0	27.526595744680847	21.01063829787234	19.414893617021274	32.047872340425535	0.0
75.0	28.552456839309432	20.185922974767596	21.51394422310757	29.747675962815407	0.0
76.0	32.13811420982736	20.185922974767596	18.326693227091635	29.349269588313415	0.0
77.0	29.177718832891248	21.220159151193634	20.159151193633953	29.44297082228117	0.0
78.0	30.50397877984085	20.291777188328915	20.424403183023873	28.779840848806366	0.0
79.0	30.4635761589404	18.940397350993376	21.721854304635762	28.874172185430464	0.0
80.0	30.952380952380953	19.841269841269842	20.105820105820104	29.100529100529098	0.0
81.0	29.365079365079367	19.047619047619047	20.767195767195766	30.82010582010582	0.0
82.0	31.084656084656086	18.253968253968253	21.693121693121693	28.968253968253972	0.0
83.0	27.645502645502646	22.61904761904762	20.634920634920633	29.100529100529098	0.0
84.0	28.174603174603174	21.957671957671955	19.70899470899471	30.158730158730158	0.0
85.0	28.60927152317881	18.67549668874172	20.927152317880797	31.788079470198678	0.0
86.0	28.344370860927153	20.52980132450331	21.192052980132452	29.933774834437088	0.0
87.0	29.00662251655629	21.324503311258276	18.27814569536424	31.390728476821195	0.0
88.0	30.728476821192054	21.986754966887418	19.337748344370862	27.947019867549667	0.0
89.0	29.933774834437088	20.264900662251655	20.264900662251655	29.5364238410596	0.0
90.0	30.4635761589404	17.748344370860927	22.781456953642383	29.00662251655629	0.0
91.0	28.647214854111407	22.148541114058357	19.628647214854112	29.57559681697613	0.0
92.0	30.677290836653388	19.52191235059761	18.857901726427624	30.942895086321382	0.0
93.0	30.851063829787233	19.148936170212767	20.079787234042552	29.920212765957448	0.0
94.0	31.557922769640477	18.64181091877497	20.372836218375497	29.427430093209058	0.0
95.0	30.040053404539385	22.696929238985312	17.890520694259013	29.372496662216292	0.0
96.0	29.27807486631016	17.379679144385026	20.32085561497326	33.02139037433155	0.0
97.0	30.02680965147453	21.179624664879356	21.715817694369974	27.07774798927614	0.0
98.0	32.84182305630027	19.43699731903485	18.63270777479893	29.088471849865954	0.0
99.0	26.675603217158177	18.36461126005362	22.386058981233244	32.57372654155496	0.0
100.0	27.74798927613941	19.839142091152816	20.241286863270776	32.171581769437	0.0
