# Position (bp)	A	C	G	T	N
0.0	25.483870967741932	1.2903225806451613	28.70967741935484	44.516129032258064	0.0
1.0	25.483870967741932	0.967741935483871	29.03225806451613	44.516129032258064	0.0
2.0	25.483870967741932	1.6129032258064515	29.03225806451613	43.87096774193549	0.0
3.0	26.129032258064516	1.935483870967742	27.741935483870968	43.87096774193549	0.3225806451612903
4.0	25.806451612903224	2.5806451612903225	28.70967741935484	42.58064516129032	0.3225806451612903
5.0	25.483870967741932	2.258064516129032	28.70967741935484	43.54838709677419	0.0
6.0	25.483870967741932	0.3225806451612903	30.32258064516129	43.87096774193549	0.0
7.0	25.161290322580644	2.258064516129032	29.677419354838708	42.90322580645161	0.0
8.0	25.483870967741932	0.967741935483871	29.354838709677416	44.193548387096776	0.0
9.0	25.161290322580644	0.967741935483871	29.677419354838708	44.193548387096776	0.0
10.0	26.451612903225808	0.967741935483871	29.354838709677416	43.225806451612904	0.0
11.0	24.838709677419356	0.967741935483871	29.354838709677416	44.83870967741935	0.0
12.0	23.870967741935484	1.6129032258064515	29.677419354838708	44.83870967741935	0.0
13.0	24.193548387096776	0.967741935483871	29.677419354838708	45.16129032258064	0.0
14.0	24.516129032258064	0.967741935483871	29.677419354838708	44.83870967741935	0.0
15.0	25.161290322580644	0.967741935483871	29.677419354838708	44.193548387096776	0.0
16.0	25.161290322580644	0.967741935483871	29.03225806451613	44.83870967741935	0.0
17.0	24.838709677419356	0.6451612903225806	29.354838709677416	45.16129032258064	0.0
18.0	25.161290322580644	1.2903225806451613	29.354838709677416	44.193548387096776	0.0
19.0	25.483870967741932	1.2903225806451613	30.0	43.225806451612904	0.0
20.0	25.0	0.6493506493506493	30.1948051948052	44.15584415584416	0.0
21.0	26.2987012987013	0.6493506493506493	29.545454545454547	43.506493506493506	0.0
22.0	25.324675324675322	1.6233766233766231	28.8961038961039	44.15584415584416	0.0
23.0	26.058631921824105	0.6514657980456027	29.31596091205212	43.97394136807817	0.0
24.0	25.407166123778502	0.9771986970684038	29.64169381107492	43.97394136807817	0.0
25.0	25.0814332247557	0.9771986970684038	29.967426710097723	43.97394136807817	0.0
26.0	25.0814332247557	1.3029315960912053	30.618892508143325	42.99674267100978	0.0
27.0	25.732899022801302	0.9771986970684038	29.967426710097723	43.32247557003257	0.0
28.0	25.0814332247557	1.3029315960912053	30.293159609120522	43.32247557003257	0.0
29.0	24.91803278688525	0.6557377049180327	31.147540983606557	43.278688524590166	0.0
30.0	26.245847176079735	0.9966777408637874	29.2358803986711	43.521594684385384	0.0
31.0	26.08695652173913	1.3377926421404682	29.09698996655518	43.47826086956522	0.0
32.0	24.914675767918087	2.7303754266211606	30.034129692832767	42.32081911262799	0.0
33.0	25.263157894736842	0.7017543859649122	29.82456140350877	44.21052631578947	0.0
34.0	20.689655172413794	1.1494252873563218	30.268199233716476	47.89272030651341	0.0
35.0	0.0	0.546448087431694	35.51912568306011	63.934426229508205	0.0
