# Position (bp)	A	C	G	T	N
0.0	31.223509465950833	19.595931053970048	14.326080813789204	34.783837242158796	0.07064142413111048
1.0	32.25487425826505	18.041819723085617	17.78751059621362	31.901667137609497	0.014128284826222097
2.0	29.635901778154107	19.249223821620095	17.880327406152976	33.220434659892746	0.014112334180073384
3.0	29.791431792559187	19.84216459977452	17.192784667418266	33.11724915445321	0.05636978579481398
4.0	30.37422622397299	18.86606640405177	17.48733821046708	33.27236916150816	0.0
5.0	29.527559055118108	20.205286839145106	18.166479190101235	32.100674915635544	0.0
6.0	31.145467322557973	18.77723120168658	17.259311314125085	32.817990161630355	0.0
7.0	30.52942002527735	18.97205448672939	17.5256284229743	32.972897065018955	0.0
8.0	29.903266507780735	18.15505397448479	18.323286134866116	33.618393382868355	0.0
9.0	30.72179397337071	19.271198318149967	17.407147862648912	32.599859845830416	0.0
10.0	29.791404171916565	19.431611367772643	17.821643567128657	32.95534089318214	0.0
11.0	30.310663308144413	19.0176322418136	17.52029107192835	33.15141337811363	0.0
12.0	29.853249475890987	19.399021663172604	17.61006289308176	33.137665967854645	0.0
13.0	30.889540566959923	18.57282502443793	18.084066471163247	32.453567937438905	0.0
14.0	29.96092659782305	19.159921853195648	17.513257047167176	33.36589450181412	0.0
15.0	30.037651652489195	18.951331752893598	17.82178217821782	33.18923441639939	0.0
16.0	30.098982294716297	19.364282726892515	16.938519447929735	33.59821553046145	0.0
17.0	30.468096962942326	18.877124547227638	18.250208971858456	32.40456951797158	0.0
18.0	30.290802838458326	18.38040907193544	17.69862251287046	33.63016557673577	0.0
19.0	29.795520934761445	19.140353317568508	17.318124913061624	33.74600083460843	0.0
20.0	29.443671766342145	19.860917941585534	17.746870653685676	32.94853963838665	0.0
21.0	30.18631813125695	19.43826473859844	18.478865406006676	31.896551724137932	0.0
22.0	29.211295034079843	19.154263458060928	18.806509945750452	32.82793156210877	0.0
23.0	30.20152883947185	18.874218207088255	18.804725503822098	32.11952744961779	0.0
24.0	30.51388888888889	18.902777777777775	17.77777777777778	32.80555555555556	0.0
25.0	29.36926924145596	19.574881911642123	18.63017504862462	32.4256737982773	0.0
26.0	29.471347301234914	18.92604412376856	18.246149576800335	33.356458998196196	0.0
27.0	29.86400222037191	19.747432694976407	18.38745489869553	32.00111018595615	0.0
28.0	30.57713651498335	19.25638179800222	17.730299667036626	32.43618201997781	0.0
29.0	29.873733869848756	19.37005688913556	18.05189399195227	32.70431524906341	0.0
30.0	29.83624757146822	19.03968914793228	18.22092700527338	32.90313627532612	0.0
31.0	29.97502081598668	18.984179850124896	18.456841520954757	32.58395781293367	0.0
32.0	30.883372625156014	19.511856885314103	18.430176119816945	31.17459436971294	0.0
33.0	29.51865723401304	19.65598557358857	18.22721598002497	32.59814121237342	0.0
34.0	30.575190575190575	20.152460152460154	18.05959805959806	31.21275121275121	0.0
35.0	30.282861896838604	19.287298946200774	18.399889073765944	32.02995008319468	0.0
36.0	29.82942726390237	19.608930800166412	18.37470531132991	32.1869366246013	0.0
37.0	29.914056002217908	19.67008594399778	17.77100083171611	32.644857222068204	0.0
38.0	29.75183696104256	19.340080410370163	18.702342991820327	32.20573963676695	0.0
39.0	30.181616525717452	19.534174407320116	17.78732843477055	32.496880632191875	0.0
40.0	29.704617944806543	18.971016502565526	18.38857301345167	32.935792539176255	0.0
41.0	30.199667221297837	19.966722129783694	18.108707709373267	31.724902939545203	0.0
42.0	29.242928452579037	20.02218524681087	18.011647254575706	32.72323904603439	0.0
43.0	29.76305944298185	18.802826659276707	18.99681308022724	32.437300817514206	0.0
44.0	30.396231643114437	19.146577999445828	17.78886118038238	32.66832917705736	0.0
45.0	29.709141274238227	20.15235457063712	18.116343490304708	32.02216066481994	0.0
46.0	30.82675529705027	19.01398698241241	18.196925633568757	31.962332086968566	0.0
47.0	29.471207087486157	19.65669988925803	18.61849390919158	32.25359911406423	0.0
48.0	29.06574394463668	20.59515570934256	18.422145328719726	31.916955017301042	0.0
49.0	29.84083044982699	19.86159169550173	17.480968858131487	32.81660899653979	0.0
50.0	29.659374134588756	19.094433674882303	18.499030739407367	32.74716145112157	0.0
51.0	30.324009969537524	19.9113818886735	17.502076986984214	32.26253115480476	0.0
52.0	30.077583818232196	19.16043225270158	18.273760044333613	32.48822388473261	0.0
53.0	29.202436998061476	18.983661035724175	18.94212129603988	32.871780670174466	0.0
54.0	29.050124619219055	19.994461368042092	18.097479922459154	32.8579340902797	0.0
55.0	29.404432132963986	19.376731301939056	18.35180055401662	32.86703601108033	0.0
56.0	30.397451876471404	18.695471541337767	18.335410607949036	32.571665974241796	0.0
57.0	30.170383709655074	19.656462113866187	18.09114835849841	32.08200581798033	0.0
58.0	31.029228424989615	19.420972433855106	18.28508103615459	31.264718105000693	0.0
59.0	30.325710325710325	19.61191961191961	17.90713790713791	32.155232155232156	0.0
60.0	30.736170802717318	18.827117704145294	18.92416470262027	31.51254679051712	0.0
61.0	29.857162668145886	19.941755651088613	18.846207183469698	31.3548744972958	0.0
62.0	30.614509640726865	19.267582188930504	18.476903870162296	31.64100430018033	0.0
63.0	30.782029950083196	18.94065446478092	18.427620632279535	31.84969495285635	0.0
64.0	30.508944667868533	18.485646928303982	18.86007488559146	32.14533351823603	0.0
65.0	31.06796116504854	19.902912621359224	17.517337031900137	31.511789181692095	0.0
66.0	31.43650242886884	19.40319222761971	18.390006939625263	30.770298403886194	0.0
67.0	30.136035535813438	20.099944475291505	18.600777345918935	31.163242642976126	0.0
68.0	30.44987503471258	18.86975840044432	18.46709247431269	32.213274090530405	0.0
69.0	30.356894875711703	19.830579086238025	18.66407443410637	31.148451603943894	0.0
70.0	29.901347783798805	19.244129498402113	18.74392107822704	32.110601639572046	0.0
71.0	30.879288790109737	18.891512710098624	18.877621891929437	31.351576607862203	0.0
72.0	31.34203945540428	19.241455959988883	18.90803000833565	30.508474576271187	0.0
73.0	31.147540983606557	18.935815504306753	18.519033064740206	31.397610447346487	0.0
74.0	31.06661104157975	18.759560561813377	18.98206090947017	31.1917674871367	0.0
75.0	30.855949895615865	19.234516353514266	18.997912317327767	30.911621433542102	0.0
76.0	31.67130919220056	18.983286908077996	18.690807799442897	30.654596100278553	0.0
77.0	29.81037367540435	19.129949804796432	19.157836029001672	31.901840490797547	0.0
78.0	30.096274591879446	19.771173433793777	18.961908748430307	31.170643225896473	0.0
79.0	31.676671785564707	18.62348178137652	18.358229791986595	31.34161664107218	0.0
80.0	31.68040229082274	19.402151138427154	18.1310238860176	30.786422684732507	0.0
81.0	31.004610870476455	19.812770713986307	18.988402962134973	30.19421545340226	0.0
82.0	30.40257198769919	19.918926474699468	18.241543192619513	31.43695834498183	0.0
83.0	31.075027995520717	19.498880179171334	18.784994400895858	30.641097424412095	0.0
84.0	30.665732305536093	18.836720392431676	19.859845830413455	30.637701471618783	0.0
85.0	31.107994389901823	19.004207573632538	19.635343618513325	30.25245441795231	0.0
86.0	30.92797978379896	18.475361504983855	18.671907903973047	31.92475080724414	0.0
87.0	31.141090500281056	18.54974704890388	18.718381112984822	31.590781337830244	0.0
88.0	30.232230823363825	18.972554539057	19.422941590429275	31.372273047149896	0.0
89.0	30.54263565891473	19.788583509513742	18.50599013389711	31.16279069767442	0.0
90.0	30.910374029640085	18.772053634438958	18.489767113620324	31.827805222300636	0.0
91.0	29.850324767014968	19.556622423044338	18.384637108161535	32.20841570177916	0.0
92.0	30.265761945151258	19.32428611817925	18.68815380265762	31.721798134011873	0.0
93.0	29.708297932597	19.088077032002264	18.83319173038799	32.370433305012746	0.0
94.0	30.752871118672903	18.72961860201333	18.50276478094428	32.01474549836949	0.0
95.0	30.859818388195233	18.459137343927356	19.53745743473326	31.143586833144155	0.0
96.0	29.92047713717694	19.468900880431693	18.971882987787563	31.638738994603806	0.0
97.0	30.765951399744207	19.29799630524371	19.056416086400453	30.879636208611622	0.0
98.0	30.86331958469635	19.414023609728346	18.375764471625658	31.34689233394965	0.0
99.0	30.34747935061236	18.755340358872115	18.598689831956708	32.1418399316434	0.1566505269154087
100.0	30.67502136143549	18.684135573910567	18.926231842779835	31.344346340074054	0.370264881800057
