# Position (bp)	A	C	G	T	N
0.0	30.4	15.2	19.2	35.199999999999996	0.0
1.0	37.6	16.8	13.600000000000001	32.0	0.0
2.0	28.799999999999997	17.599999999999998	24.0	29.599999999999998	0.0
3.0	33.6	20.8	14.399999999999999	31.2	0.0
4.0	30.4	20.0	14.399999999999999	35.199999999999996	0.0
5.0	31.2	10.4	29.599999999999998	28.799999999999997	0.0
6.0	30.4	22.400000000000002	23.200000000000003	24.0	0.0
7.0	25.396825396825395	26.984126984126984	20.634920634920633	26.984126984126984	0.0
8.0	27.77777777777778	19.047619047619047	14.285714285714285	38.88888888888889	0.0
9.0	26.190476190476193	20.634920634920633	21.428571428571427	31.746031746031743	0.0
10.0	34.92063492063492	17.46031746031746	15.079365079365079	32.53968253968254	0.0
11.0	29.365079365079367	17.46031746031746	23.015873015873016	30.158730158730158	0.0
12.0	25.396825396825395	20.634920634920633	21.428571428571427	32.53968253968254	0.0
13.0	35.43307086614173	11.023622047244094	17.322834645669293	36.22047244094488	0.0
14.0	32.28346456692913	25.196850393700785	18.89763779527559	23.62204724409449	0.0
15.0	34.645669291338585	15.748031496062993	16.535433070866144	33.07086614173229	0.0
16.0	26.77165354330709	19.68503937007874	18.89763779527559	34.645669291338585	0.0
17.0	25.984251968503933	23.62204724409449	17.322834645669293	33.07086614173229	0.0
18.0	31.25	15.625	15.625	37.5	0.0
19.0	25.0	27.34375	20.3125	27.34375	0.0
20.0	30.23255813953488	20.155038759689923	17.829457364341085	31.782945736434108	0.0
21.0	32.55813953488372	17.829457364341085	22.48062015503876	27.131782945736433	0.0
22.0	28.125	20.3125	21.09375	30.46875	0.0
23.0	30.46875	17.1875	21.875	30.46875	0.0
24.0	28.125	24.21875	17.96875	29.6875	0.0
25.0	29.6875	22.65625	17.1875	30.46875	0.0
26.0	33.07086614173229	12.598425196850393	22.04724409448819	32.28346456692913	0.0
27.0	30.708661417322837	15.748031496062993	24.409448818897637	29.133858267716533	0.0
28.0	22.83464566929134	22.04724409448819	18.11023622047244	37.00787401574803	0.0
29.0	29.133858267716533	19.68503937007874	22.04724409448819	29.133858267716533	0.0
30.0	28.346456692913385	22.83464566929134	25.196850393700785	23.62204724409449	0.0
31.0	31.496062992125985	24.409448818897637	16.535433070866144	27.559055118110237	0.0
32.0	33.85826771653544	19.68503937007874	18.89763779527559	27.559055118110237	0.0
33.0	29.92125984251969	18.11023622047244	22.04724409448819	29.92125984251969	0.0
34.0	28.346456692913385	12.598425196850393	22.04724409448819	37.00787401574803	0.0
35.0	23.62204724409449	23.62204724409449	20.47244094488189	32.28346456692913	0.0
36.0	31.496062992125985	24.409448818897637	18.11023622047244	25.984251968503933	0.0
37.0	32.03125	21.875	18.75	27.34375	0.0
38.0	34.375	17.1875	21.875	26.5625	0.0
39.0	35.15625	24.21875	16.40625	24.21875	0.0
40.0	33.59375	25.78125	16.40625	24.21875	0.0
41.0	26.77165354330709	18.11023622047244	19.68503937007874	35.43307086614173	0.0
42.0	31.746031746031743	19.841269841269842	17.46031746031746	30.952380952380953	0.0
43.0	31.496062992125985	18.11023622047244	18.89763779527559	31.496062992125985	0.0
44.0	26.5625	25.78125	16.40625	31.25	0.0
45.0	25.78125	25.78125	21.09375	27.34375	0.0
46.0	26.5625	20.3125	17.96875	35.15625	0.0
47.0	21.25984251968504	24.409448818897637	25.984251968503933	28.346456692913385	0.0
48.0	21.25984251968504	20.47244094488189	22.04724409448819	36.22047244094488	0.0
49.0	25.984251968503933	22.83464566929134	15.748031496062993	35.43307086614173	0.0
50.0	30.158730158730158	20.634920634920633	16.666666666666664	32.53968253968254	0.0
51.0	23.809523809523807	19.047619047619047	19.047619047619047	38.095238095238095	0.0
52.0	29.365079365079367	19.841269841269842	21.428571428571427	29.365079365079367	0.0
53.0	28.000000000000004	17.599999999999998	30.4	24.0	0.0
54.0	32.800000000000004	17.599999999999998	16.8	32.800000000000004	0.0
55.0	26.400000000000002	17.599999999999998	20.8	35.199999999999996	0.0
56.0	24.0	24.0	20.8	31.2	0.0
57.0	30.4	22.400000000000002	19.2	28.000000000000004	0.0
58.0	27.200000000000003	15.2	24.0	33.6	0.0
59.0	26.400000000000002	23.200000000000003	18.4	32.0	0.0
60.0	32.800000000000004	19.2	16.8	31.2	0.0
61.0	26.400000000000002	20.0	20.8	32.800000000000004	0.0
62.0	28.000000000000004	23.200000000000003	21.6	27.200000000000003	0.0
63.0	33.6	17.599999999999998	19.2	29.599999999999998	0.0
64.0	34.4	20.8	20.8	24.0	0.0
65.0	20.8	25.6	19.2	34.4	0.0
66.0	31.2	12.8	28.000000000000004	28.000000000000004	0.0
67.0	34.4	17.599999999999998	19.2	28.799999999999997	0.0
68.0	31.746031746031743	18.253968253968253	15.873015873015872	34.12698412698413	0.0
69.0	29.365079365079367	17.46031746031746	21.428571428571427	31.746031746031743	0.0
70.0	26.984126984126984	20.634920634920633	22.22222222222222	30.158730158730158	0.0
71.0	26.190476190476193	20.634920634920633	17.46031746031746	35.714285714285715	0.0
72.0	30.158730158730158	19.841269841269842	19.047619047619047	30.952380952380953	0.0
73.0	27.77777777777778	23.015873015873016	17.46031746031746	31.746031746031743	0.0
74.0	23.015873015873016	23.015873015873016	20.634920634920633	33.33333333333333	0.0
75.0	26.190476190476193	18.253968253968253	23.015873015873016	32.53968253968254	0.0
76.0	26.984126984126984	23.809523809523807	18.253968253968253	30.952380952380953	0.0
77.0	31.496062992125985	21.25984251968504	18.89763779527559	28.346456692913385	0.0
78.0	29.92125984251969	14.960629921259844	23.62204724409449	31.496062992125985	0.0
79.0	25.984251968503933	18.11023622047244	25.984251968503933	29.92125984251969	0.0
80.0	29.133858267716533	21.25984251968504	19.68503937007874	29.92125984251969	0.0
81.0	25.984251968503933	17.322834645669293	19.68503937007874	37.00787401574803	0.0
82.0	27.559055118110237	19.68503937007874	21.25984251968504	31.496062992125985	0.0
83.0	26.77165354330709	28.346456692913385	18.89763779527559	25.984251968503933	0.0
84.0	27.559055118110237	19.68503937007874	16.535433070866144	36.22047244094488	0.0
85.0	23.62204724409449	20.47244094488189	22.04724409448819	33.85826771653544	0.0
86.0	31.496062992125985	18.89763779527559	19.68503937007874	29.92125984251969	0.0
87.0	26.77165354330709	25.196850393700785	18.89763779527559	29.133858267716533	0.0
88.0	33.85826771653544	18.89763779527559	19.68503937007874	27.559055118110237	0.0
89.0	29.92125984251969	24.409448818897637	22.83464566929134	22.83464566929134	0.0
90.0	30.708661417322837	18.11023622047244	25.196850393700785	25.984251968503933	0.0
91.0	32.28346456692913	17.322834645669293	19.68503937007874	30.708661417322837	0.0
92.0	27.559055118110237	19.68503937007874	24.409448818897637	28.346456692913385	0.0
93.0	30.708661417322837	17.322834645669293	28.346456692913385	23.62204724409449	0.0
94.0	37.301587301587304	15.079365079365079	19.047619047619047	28.57142857142857	0.0
95.0	34.92063492063492	20.634920634920633	22.22222222222222	22.22222222222222	0.0
96.0	31.746031746031743	14.285714285714285	23.809523809523807	30.158730158730158	0.0
97.0	26.400000000000002	23.200000000000003	16.8	33.6	0.0
98.0	37.6	16.8	15.2	30.4	0.0
99.0	23.200000000000003	16.0	21.6	39.2	0.0
100.0	25.6	19.2	20.8	34.4	0.0
