#Insert size (bp)	insert size
108.0	1.0
117.0	1.0
130.0	1.0
147.0	1.0
150.0	1.0
162.0	1.0
167.0	1.0
180.0	1.0
182.0	1.0
213.0	1.0
235.0	1.0
252.0	1.0
258.0	1.0
268.0	1.0
276.0	1.0
280.0	1.0
281.0	1.0
289.0	1.0
292.0	1.0
295.0	1.0
296.0	1.0
301.0	1.0
302.0	1.0
315.0	1.0
318.0	1.0
321.0	1.0
326.0	1.0
328.0	1.0
332.0	1.0
333.0	3.0
335.0	2.0
339.0	3.0
340.0	1.0
341.0	2.0
342.0	1.0
343.0	2.0
344.0	2.0
347.0	2.0
348.0	1.0
349.0	2.0
352.0	2.0
356.0	1.0
358.0	1.0
359.0	1.0
362.0	1.0
363.0	1.0
365.0	1.0
366.0	2.0
369.0	1.0
371.0	1.0
374.0	2.0
