#Coverage	Number of genomic locations
0.0	801774.0
1.0	1.0
6.0	14.0
7.0	8.0
8.0	69.0
9.0	51.0
10.0	21.0
11.0	46.0
12.0	66.0
13.0	72.0
14.0	40.0
15.0	72.0
16.0	102.0
17.0	59.0
18.0	101.0
19.0	134.0
20.0	111.0
21.0	70.0
22.0	99.0
23.0	104.0
24.0	97.0
25.0	90.0
26.0	76.0
27.0	85.0
28.0	63.0
29.0	49.0
30.0	39.0
31.0	33.0
32.0	27.0
33.0	25.0
34.0	11.0
35.0	21.0
36.0	15.0
37.0	24.0
38.0	19.0
39.0	18.0
40.0	25.0
41.0	14.0
42.0	38.0
43.0	40.0
44.0	29.0
45.0	40.0
46.0	43.0
47.0	42.0
48.0	30.0
49.0	20.0
50.0	21.0
51.0	16.0
52.0	12.0
53.0	8.0
54.0	3.0
55.0	12.0
56.0	10.0
57.0	24.0
58.0	16.0
59.0	14.0
60.0	13.0
61.0	7.0
62.0	9.0
63.0	11.0
64.0	19.0
65.0	14.0
66.0	17.0
67.0	9.0
68.0	1.0
69.0	6.0
70.0	8.0
71.0	7.0
72.0	9.0
73.0	15.0
74.0	14.0
75.0	4.0
76.0	8.0
77.0	3.0
78.0	4.0
79.0	3.0
80.0	3.0
81.0	3.0
82.0	6.0
83.0	5.0
84.0	4.0
85.0	8.0
86.0	5.0
87.0	8.0
88.0	1.0
89.0	4.0
90.0	7.0
91.0	5.0
92.0	4.0
93.0	4.0
94.0	8.0
95.0	6.0
96.0	3.0
97.0	6.0
98.0	2.0
99.0	1.0
100.0	5.0
101.0	3.0
102.0	1.0
103.0	1.0
104.0	2.0
105.0	6.0
106.0	6.0
107.0	9.0
108.0	4.0
109.0	8.0
110.0	2.0
111.0	4.0
112.0	3.0
113.0	1.0
114.0	2.0
115.0	3.0
116.0	9.0
117.0	19.0
118.0	12.0
119.0	7.0
120.0	12.0
121.0	10.0
122.0	6.0
123.0	7.0
124.0	8.0
125.0	10.0
126.0	9.0
127.0	12.0
128.0	20.0
129.0	12.0
130.0	13.0
131.0	14.0
132.0	25.0
133.0	17.0
134.0	14.0
135.0	10.0
136.0	10.0
137.0	11.0
138.0	15.0
139.0	9.0
140.0	12.0
141.0	9.0
142.0	18.0
143.0	16.0
144.0	13.0
145.0	8.0
146.0	7.0
147.0	1.0
148.0	5.0
149.0	2.0
150.0	2.0
151.0	2.0
152.0	8.0
153.0	3.0
154.0	6.0
155.0	11.0
156.0	18.0
157.0	22.0
158.0	13.0
159.0	6.0
160.0	6.0
162.0	2.0
