# Position (bp)	A	C	G	T	N
0.0	31.931748933577087	18.2205971968312	15.417428397318709	34.308348567946375	0.1218769043266301
1.0	31.444241316270567	17.48933577087142	18.58622790981109	32.41925655088361	0.06093845216331505
2.0	29.82349360925137	18.867924528301888	17.83323189287888	33.41448569689592	0.06086427267194157
3.0	29.247572815533978	20.32766990291262	15.898058252427186	34.34466019417476	0.1820388349514563
4.0	30.563978168587024	18.859915100060643	18.374772589448153	32.201334141904184	0.0
5.0	30.363636363636363	21.393939393939394	16.424242424242426	31.818181818181817	0.0
6.0	31.757575757575758	18.06060606060606	16.78787878787879	33.39393939393939	0.0
7.0	30.550514216575923	19.177253478523895	18.632788868723534	31.639443436176652	0.0
8.0	31.645569620253166	16.576250753465942	17.540687160940323	34.237492465340566	0.0
9.0	30.861965039180227	20.253164556962027	17.42013261000603	31.464737793851715	0.0
10.0	28.158844765342963	19.79542719614922	18.471720818291214	33.57400722021661	0.0
11.0	30.445246690734056	18.351383874849578	16.546329723225032	34.65703971119133	0.0
12.0	27.764423076923077	20.853365384615387	16.947115384615387	34.43509615384615	0.0
13.0	31.17117117117117	18.37837837837838	17.77777777777778	32.67267267267267	0.0
14.0	29.27414517096581	19.43611277744451	17.99640071985603	33.29334133173366	0.0
15.0	32.37410071942446	17.26618705035971	16.247002398081534	34.11270983213429	0.0
16.0	31.71462829736211	18.345323741007196	16.18705035971223	33.752997601918466	0.0
17.0	29.598562013181546	20.311563810665067	17.0760934691432	33.013780707010184	0.0
18.0	30.65868263473054	19.34131736526946	17.664670658682635	32.33532934131736	0.0
19.0	29.366028708133975	19.85645933014354	17.583732057416267	33.19377990430622	0.0
20.0	29.323758228605623	20.526630760023938	17.115499700777978	33.034111310592465	0.0
21.0	29.52779438135087	20.322773460848776	17.573221757322173	32.57621040047818	0.0
22.0	29.838226482923908	19.832234871180347	17.13600958657879	33.19352905931696	0.0
23.0	31.538001196888093	19.090365050867746	17.594254937163374	31.77737881508079	0.0
24.0	31.976047904191617	18.622754491017965	17.24550898203593	32.15568862275449	0.0
25.0	30.879712746858168	20.46678635547576	18.611609814482346	30.041891083183724	0.0
26.0	28.878281622911693	20.226730310262532	18.198090692124104	32.69689737470167	0.0
27.0	29.355608591885442	18.85441527446301	18.973747016706444	32.81622911694511	0.0
28.0	30.906921241050117	18.377088305489263	17.064439140811455	33.65155131264916	0.0
29.0	30.54892601431981	19.928400954653938	18.138424821002385	31.38424821002387	0.0
30.0	30.22700119474313	20.72879330943847	18.39904420549582	30.64516129032258	0.0
31.0	33.731343283582085	18.746268656716417	16.895522388059703	30.626865671641788	0.0
32.0	31.70149253731343	19.761194029850746	18.208955223880597	30.328358208955226	0.0
33.0	30.167264038231778	19.17562724014337	17.980884109916367	32.676224611708484	0.0
34.0	31.5035799522673	19.212410501193318	19.331742243436754	29.952267303102627	0.0
35.0	30.250596658711217	18.973747016706444	19.033412887828163	31.742243436754176	0.0
36.0	30.727923627684966	17.959427207637233	18.556085918854414	32.756563245823386	0.0
37.0	29.066985645933013	19.617224880382775	19.078947368421055	32.23684210526316	0.0
38.0	27.169359664871333	20.526630760023938	18.67145421903052	33.63255535607421	0.0
39.0	30.179640718562872	20.41916167664671	17.12574850299401	32.275449101796404	0.0
40.0	29.520958083832333	17.24550898203593	18.682634730538922	34.550898203592816	0.0
41.0	29.622980251346497	21.125074805505687	17.115499700777978	32.13644524236984	0.0
42.0	30.06575014943216	19.007770472205618	19.18708906156605	31.73939031679617	0.0
43.0	29.45041816009558	19.53405017921147	18.16009557945042	32.85543608124254	0.0
44.0	29.61194029850746	18.089552238805968	19.940298507462686	32.35820895522388	0.0
45.0	31.044776119402982	21.791044776119403	17.19402985074627	29.970149253731343	0.0
46.0	31.38424821002387	17.840095465393794	17.124105011933175	33.65155131264916	0.0
47.0	28.47761194029851	18.80597014925373	18.98507462686567	33.731343283582085	0.0
48.0	28.221957040572793	21.30071599045346	18.257756563245824	32.21957040572792	0.0
49.0	28.96305125148987	20.202622169249107	18.176400476758044	32.657926102502984	0.0
50.0	28.68217054263566	19.022063208109717	19.558735837805603	32.73703041144901	0.0
51.0	30.96658711217184	21.360381861575178	15.990453460620524	31.682577565632457	0.0
52.0	29.791044776119403	18.507462686567163	17.492537313432834	34.2089552238806	0.0
53.0	29.976162097735397	17.34207389749702	18.41477949940405	34.26698450536353	0.0
54.0	29.737783075089393	19.66626936829559	16.746126340882004	33.849821215733016	0.0
55.0	31.40643623361144	19.12991656734207	16.924910607866508	32.538736591179976	0.0
56.0	31.145584725536995	16.94510739856802	19.749403341288783	32.159904534606206	0.0
57.0	32.17910447761194	19.28358208955224	17.07462686567164	31.462686567164177	0.0
58.0	32.319618366129994	21.288014311270125	17.113893858079905	29.278473464519976	0.0
59.0	32.479141835518476	18.176400476758044	16.805721096543504	32.538736591179976	0.0
60.0	30.274135876042905	18.831942789034564	19.785458879618595	31.108462455303933	0.0
61.0	30.494341870160813	18.642048838594402	18.344252531268612	32.519356759976176	0.0
62.0	30.654761904761905	20.892857142857142	18.154761904761905	30.297619047619044	0.0
63.0	33.174508636092916	17.33174508636093	18.16557474687314	31.32817153067302	0.0
64.0	30.357142857142854	19.404761904761905	20.416666666666668	29.82142857142857	0.0
65.0	30.572109654350417	20.32181168057211	16.507747318235996	32.59833134684148	0.0
66.0	30.590339892665476	20.81097197376267	18.485390578413835	30.11329755515802	0.0
67.0	31.026252983293556	19.570405727923628	18.73508353221957	30.668257756563243	0.0
68.0	30.8472553699284	18.67541766109785	18.79474940334129	31.682577565632457	0.0
69.0	30.906921241050117	20.226730310262532	17.60143198090692	31.26491646778043	0.0
70.0	31.95937873357228	18.100358422939067	18.33930704898447	31.60095579450418	0.0
71.0	31.563245823389018	17.780429594272075	19.451073985680193	31.20525059665871	0.0
72.0	31.36200716845878	18.27956989247312	20.43010752688172	29.92831541218638	0.0
73.0	31.42174432497013	19.17562724014337	16.666666666666664	32.73596176821984	0.0
74.0	30.64516129032258	18.39904420549582	19.892473118279568	31.063321385902032	0.0
75.0	31.02211595935445	19.964136282127914	18.17095038852361	30.842797369994024	0.0
76.0	31.657690005984442	18.791143028126868	19.80849790544584	29.74266906044285	0.0
77.0	31.57579388855602	17.43559017375674	18.753744757339724	32.23487118034751	0.0
78.0	30.233953209358127	18.596280743851228	18.836232753449313	32.33353329334133	0.0
79.0	31.733653269346128	18.11637672465507	19.13617276544691	31.013797240551888	0.0
80.0	30.113977204559088	18.35632873425315	20.57588482303539	30.95380923815237	0.0
81.0	31.932773109243694	18.72749099639856	19.387755102040817	29.951980792316927	0.0
82.0	33.153153153153156	20.3003003003003	16.456456456456454	30.090090090090087	0.0
83.0	30.306674684305474	19.78352375225496	18.641010222489477	31.26879134095009	0.0
84.0	31.708784596871237	19.0734055354994	20.276774969915763	28.941034897713596	0.0
85.0	31.889290012033694	18.231046931407942	19.133574007220215	30.74608904933815	0.0
86.0	30.34316676700783	17.519566526189042	19.686935580975316	32.450331125827816	0.0
87.0	30.560578661844485	15.792646172393008	19.288728149487643	34.35804701627486	0.0
88.0	27.821363910681956	19.13095956547978	20.15691007845504	32.89076644538322	0.0
89.0	31.499395405078594	17.95646916565901	17.291414752116083	33.252720677146314	0.0
90.0	32.404603270745	18.413082980012113	19.13991520290733	30.04239854633555	0.0
91.0	31.109763493026076	17.404487568223164	19.345057610673138	32.14069132807762	0.0
92.0	30.194410692588093	18.833535844471445	20.291616038882136	30.680437424058322	0.0
93.0	31.812652068126518	17.761557177615572	18.613138686131386	31.812652068126518	0.0
94.0	30.10948905109489	18.004866180048662	18.43065693430657	33.454987834549875	0.0
95.0	29.51917224589166	18.137553256238586	19.65916007303713	32.68411442483262	0.0
96.0	31.790499390986604	20.523751522533495	18.574908647990256	29.11084043848965	0.0
97.0	30.469226081657524	19.07373552711761	18.403412553321147	32.053625837903716	0.0
98.0	31.26142595978062	17.48933577087142	20.41438147471054	30.834856794637417	0.0
99.0	29.975579975579976	18.803418803418804	18.43711843711844	32.6007326007326	0.18315018315018314
100.0	31.746031746031743	18.62026862026862	20.024420024420024	28.998778998779002	0.6105006105006106
